6.76065 9.62578
6.76065 9.22743
6.45936 8.90883
6.45936 8.42807
6.45936 7.92411
6.31119 7.47715
6.26035 7.17574
6.22579 7.00628
5.785 6.92454
5.785 6.83251
5.785 6.78785
5.785 6.74318
5.785 6.69628
5.785 6.65067
5.785 6.59265
5.785 6.55779
4.98587 6.5447
5.76536 6.53064
5.70565 6.49168
5.53582 6.44346
5.67663 6.42074
5.67663 6.36771
4.61625 6.31865
4.61625 6.25612
4.56331 6.23563
4.49235 6.13613
4.49235 6.0566
4.49235 5.95129
4.49235 5.85865
4.09064 5.73234
4.09064 5.48496
4.09064 5.19437
4.00458 4.8729
4.00458 4.66256
3.95996 4.59044
3.95996 4.56289
3.68636 4.5318
3.68636 4.49389
3.68636 4.46258
3.68636 4.42334
3.68636 4.39003
3.68636 4.33967
3.68636 4.29625
3.64047 4.20796
3.64047 4.15187
3.64047 4.10826
3.57003 4.0408
3.55592 4.00677
3.53453 3.96953
3.53453 3.95382
3.53453 3.91823
3.54694 3.90263
3.49668 3.86698
3.49402 3.83698
3.49668 3.82281
3.2196 3.78732
3.4194 3.7744
3.35779 3.76179
3.35779 3.73157
3.35779 3.71503
3.33776 3.71371
3.33776 3.70992
3.37804 3.7016
3.3057 3.68073
3.28411 3.67006
3.28411 3.65551
3.18505 3.63884
3.3491 3.63056
3.28541 3.63157
3.36463 3.62716
3.36463 3.61685
3.10886 3.6029
3.10886 3.5845
3.10886 3.57227
3.10886 3.57431
3.10886 3.5724
3.10886 3.56032
3.10886 3.55227
3.10886 3.53568
3.08096 3.52589
3.08096 3.50423
3.10886 3.46857
2.80426 3.43765
2.80426 3.41883
2.80426 3.40382
2.80426 3.38536
2.80426 3.36803
2.69571 3.33065
2.69571 3.29425
2.80426 3.28158
2.55689 3.23745
2.49842 3.1905
2.43003 3.12204
2.43003 3.08676
2.43003 3.03914
2.42431 2.98366
2.3987 2.92562
2.3987 2.88858
2.39297 2.83816
2.39297 2.7945
2.32676 2.7565
2.32676 2.70098
2.36788 2.65986
2.36788 2.61488
2.31576 2.5741
2.31576 2.53515
2.31576 2.50199
2.23754 2.48577
2.23754 2.47558
2.23754 2.45186
2.23754 2.44209
2.23754 2.42828
2.23754 2.41765
2.11923 2.41191
2.11923 2.41165
2.11923 2.40865
2.11923 2.40686
2.11923 2.40607
2.11923 2.39988
2.11923 2.39712
2.10157 2.38951
2.11923 2.3862
2.11923 2.38028
2.11923 2.37588
2.11923 2.36813
2.11923 2.35944
2.11923 2.35152
2.03447 2.3372
2.03447 2.32588
2.03447 2.32045
2.03447 2.30112
2.11923 2.30212
2.11923 2.28721
2.07195 2.27408
2.03447 2.25216
2.03447 2.237
2.03447 2.21357
2.03447 2.20283
2.03447 2.18901
2.03447 2.18754
2.03447 2.17726
1.87998 2.16592
2.03447 2.16461
2.03447 2.16536
2.03447 2.16205
2.03447 2.15734
2.03447 2.15098
2.03447 2.13957
1.97894 2.13702
1.95856 2.13235
1.97894 2.12803
1.97894 2.11618
1.97894 2.10808
1.97894 2.10649
1.97894 2.10076
1.97894 2.09398
1.97894 2.0917
1.97894 2.09479
1.97894 2.095
1.97894 2.09002
1.97894 2.08397
1.97894 2.08431
1.97871 2.08056
1.97871 2.07536
1.93003 2.07399
1.97871 2.07263
1.97871 2.06787
1.97871 2.06798
1.90959 2.06588
1.90959 2.05784
1.89158 2.05436
1.8327 2.04911
1.8327 2.04683
1.8327 2.04457
1.8327 2.03922
1.8327 2.03437
1.74794 2.02568
1.74794 2.02317
1.74794 2.02334
1.74794 2.01903
1.74794 2.01359
1.74794 2.00926
1.74794 1.99842
1.74794 1.99187
1.73969 1.9818
1.74794 1.96937
1.74794 1.95096
1.74794 1.93622
1.74794 1.915
1.74794 1.89168
1.74794 1.88155
1.71641 1.87013
1.71641 1.86153
1.63209 1.83533
1.63209 1.80663
1.71641 1.79331
1.71641 1.78183
1.69452 1.77258
1.69452 1.76801
1.61257 1.76043
1.65493 1.7587
1.65493 1.75728
1.65493 1.75403
1.65493 1.75044
1.65493 1.74893
1.62234 1.74841
1.62234 1.74811
1.61166 1.7459
1.61166 1.74542
1.62234 1.74248
1.62234 1.73915
1.54785 1.73744
1.54785 1.73415
1.54785 1.7329
1.54785 1.73276
1.54785 1.73051
1.54785 1.7297
1.54785 1.72647
1.54785 1.72233
1.54785 1.72128
1.54785 1.71835
1.54785 1.71573
1.54785 1.71114
1.42064 1.70095
1.54785 1.699
1.54785 1.69056
1.54785 1.68703
1.52596 1.67469
1.52596 1.66546
1.52596 1.65229
1.52596 1.63994
1.52596 1.63039
1.52596 1.62228
1.52596 1.61213
1.52596 1.61064
1.52596 1.60718
1.52596 1.59731
1.52596 1.58813
1.52497 1.57568
1.52497 1.57637
1.52497 1.56297
1.52596 1.56003
1.52596 1.55844
1.52596 1.5545
1.52596 1.55179
1.52596 1.55199
1.52596 1.55216
1.52596 1.55016
1.52596 1.55093
1.52596 1.54968
1.51769 1.5483
1.51769 1.54605
1.51769 1.54554
1.51769 1.54529
1.51769 1.54489
1.51769 1.5445
1.43008 1.54484
1.43008 1.5475
1.38968 1.5465
1.38968 1.54727
1.38968 1.54629
1.41317 1.54527
1.41317 1.54373
1.41317 1.542
1.43008 1.54082
1.43008 1.53851
1.43008 1.53904
1.43008 1.53704
1.43008 1.53491
1.43008 1.53653
1.40816 1.53276
1.42488 1.53098
1.43008 1.52968
1.43008 1.52759
1.43008 1.53029
1.43008 1.5301
1.43008 1.52894
1.43008 1.53032
1.43008 1.52388
1.43008 1.51968
1.43008 1.51779
1.3772 1.51902
1.3772 1.51087
1.3772 1.50564
1.3772 1.5038
1.3772 1.49979
1.3772 1.49852
1.42488 1.4942
1.42064 1.48665
1.42488 1.48352
1.42488 1.4776
1.42488 1.47581
1.40851 1.47238
1.40851 1.46389
1.39161 1.46172
1.40851 1.45772
1.3772 1.45455
1.3772 1.44711
1.3772 1.44872
1.3772 1.44398
1.29379 1.44548
1.29379 1.43872
1.29379 1.43511
1.29379 1.43428
1.29379 1.43195
1.29379 1.42927
1.29379 1.42842
1.29379 1.42744
1.29379 1.42452
1.29379 1.42236
1.29379 1.41626
1.28859 1.41275
1.27689 1.40455
1.28859 1.39919
1.28859 1.398
1.23914 1.38959
1.24092 1.38511
1.24092 1.37362
1.18579 1.36832
1.18579 1.35845
1.18579 1.35014
1.24092 1.34206
1.18579 1.32881
1.18579 1.31841
1.13292 1.30478
1.13292 1.2923
1.13292 1.28803
1.13292 1.28403
1.13292 1.28186
1.13292 1.27943
1.13292 1.27775
1.13292 1.27313
1.11949 1.26601
1.13292 1.26365
1.13292 1.25915
1.11949 1.25469
1.13292 1.2464
1.13292 1.23694
1.13292 1.22773
1.13292 1.22403
1.13292 1.21583
1.13292 1.20322
1.13292 1.19292
1.11949 1.18145
1.11949 1.17248
1.09559 1.15786
1.09559 1.15601
1.11949 1.1507
1.11949 1.14472
1.11949 1.14357
1.11949 1.14265
1.09559 1.14338
1.11949 1.13959
1.11949 1.139
1.11949 1.13694
1.11949 1.13639
1.11949 1.13608
1.11949 1.13567
1.11949 1.13481
1.11949 1.13527
1.11949 1.13547
1.11949 1.13598
1.11949 1.1356
1.11949 1.1347
1.11949 1.13398
1.09559 1.13423
1.11949 1.13438
1.10444 1.135
1.10444 1.13477
1.10444 1.1343
1.10444 1.13384
1.10444 1.134
1.11949 1.134
1.11949 1.1339
1.11949 1.13288
1.11949 1.13278
1.11949 1.13327
1.11949 1.133
1.11949 1.13293
1.11225 1.13295
1.09758 1.13267
1.09758 1.13318
1.09758 1.13306
1.09758 1.13269
1.09758 1.13286
1.09758 1.13345
1.09758 1.1328
1.09758 1.1328
1.09758 1.13196
1.09758 1.13204
1.09758 1.13207
1.09758 1.13167
1.09758 1.13239
1.09758 1.13284
1.09758 1.13268
1.09758 1.13275
1.10974 1.13273
1.09559 1.13268
1.10974 1.13275
1.10974 1.13208
1.11949 1.13235
1.11949 1.13234
1.11949 1.13232
1.09559 1.13239
1.09559 1.13231
1.09559 1.13234
1.09559 1.1324
1.08455 1.13217
1.09559 1.13214
1.11015 1.13198
1.11015 1.13207
1.11015 1.13216
1.11015 1.13215
1.11015 1.13192
1.11015 1.13191
1.11015 1.13186
1.11015 1.13177
1.11015 1.13162
1.09559 1.13143
1.09559 1.13125
1.09758 1.13148
1.09758 1.13151
1.09758 1.13113
1.09758 1.13088
1.09758 1.1308
1.09758 1.13088
1.09758 1.1308
1.09758 1.13097
1.09758 1.13121
1.09758 1.13091
1.09758 1.13055
1.09758 1.13084
1.09758 1.13063
1.09758 1.13018
1.09758 1.13015
1.09758 1.13067
1.11225 1.13043
1.11225 1.1299
1.11225 1.12949
1.11225 1.12945
1.09559 1.1292
1.09559 1.12905
1.09559 1.12948
1.09559 1.12922
1.09559 1.12942
1.09559 1.12943
1.09559 1.12967
1.09559 1.12983
1.09559 1.12994
1.09559 1.12906
1.09559 1.12842
1.09559 1.12796
1.09559 1.12819
1.09559 1.12832
1.11225 1.12838
1.11225 1.12899
1.11101 1.12836
1.11101 1.12885
1.11101 1.12815
1.11225 1.12716
1.11225 1.12742
1.11225 1.12756
1.11225 1.12696
1.11225 1.126
1.11225 1.12538
1.11225 1.12631
1.11225 1.12585
1.11225 1.12569
1.11225 1.12559
1.11225 1.12545
1.11225 1.12511
1.11225 1.12501
1.11225 1.12431
1.11225 1.12404
1.11225 1.1244
1.11225 1.12521
1.11225 1.12532
1.11225 1.1244
1.11225 1.12405
1.11225 1.12347
1.09559 1.12261
1.09033 1.12257
1.09033 1.12205
1.09559 1.1218
1.09559 1.1205
1.09559 1.12085
1.09559 1.12042
1.09559 1.11929
1.09559 1.11793
1.09559 1.11855
1.09559 1.11681
1.09559 1.11757
1.09559 1.11815
1.09559 1.11736
1.09559 1.11755
1.09089 1.11817
1.09089 1.11736
1.08455 1.1164
1.08455 1.11604
1.08455 1.11672
1.08217 1.11649
1.08455 1.11618
1.09559 1.11645
1.08455 1.11604
1.09559 1.11615
1.08688 1.11585
1.08688 1.11654
1.06699 1.11758
1.06699 1.11747
1.08455 1.1171
1.08688 1.11584
1.08688 1.11613
1.08688 1.116
1.08688 1.11549
1.08688 1.11513
1.08688 1.11667
1.08217 1.11565
1.08217 1.11381
1.08217 1.11389
1.08217 1.11413
1.07492 1.11291
1.07492 1.11354
1.07492 1.11242
1.07492 1.11188
1.07492 1.11278
1.07492 1.1124
1.08217 1.1127
1.08217 1.11306
1.08217 1.11268
1.07113 1.11189
1.07113 1.11164
1.07113 1.11161
1.07113 1.11088
1.07113 1.10931
1.07113 1.10707
1.07113 1.10542
1.07113 1.10471
1.06878 1.10555
1.05774 1.10478
1.05774 1.1041
1.05774 1.10377
1.05774 1.10273
1.05774 1.10209
1.05774 1.10291
1.05774 1.10212
1.06878 1.10126
1.06878 1.10087
1.06878 1.09961
1.06878 1.09951
1.05774 1.09833
1.05774 1.09844
1.05774 1.09727
1.05774 1.09784
1.05774 1.09653
1.05774 1.09654
1.05774 1.09745
1.06699 1.09769
1.06699 1.09729
1.06699 1.09673
1.06878 1.09549
1.06878 1.09323
1.06878 1.09272
1.06878 1.09159
1.06878 1.09204
1.06878 1.09191
1.06878 1.09264
1.06878 1.09224
1.06878 1.09221
1.06878 1.09242
1.06878 1.09091
1.06878 1.08982
1.06878 1.09068
1.05774 1.09016
1.05774 1.08995
1.05774 1.0904
1.06878 1.08987
1.06878 1.08893
1.06878 1.08951
1.06878 1.08886
1.06878 1.08845
1.04017 1.08841
1.04017 1.08789
1.04017 1.08782
1.04017 1.08752
1.05774 1.08813
1.06245 1.08682
1.06245 1.08692
1.05774 1.08542
1.06245 1.0849
1.06245 1.08434
1.05774 1.08473
1.05774 1.08527
1.04017 1.08502
1.04017 1.08411
1.04017 1.08306
1.04017 1.08071
1.04017 1.08046
1.04017 1.08081
1.04017 1.08194
1.04017 1.08305
1.04017 1.0824
1.04017 1.08272
1.04017 1.0826
1.05774 1.0826
1.05774 1.08299
1.05774 1.08311
1.05774 1.0819
1.05774 1.08128
1.05774 1.08068
1.05774 1.08051
1.05774 1.08035
1.05774 1.07877
1.05774 1.0776
1.05774 1.07707
1.05774 1.07766
1.05774 1.07642
1.05774 1.0772
1.05774 1.07609
1.05774 1.07514
1.05774 1.07359
1.05774 1.07254
1.05774 1.07154
1.05774 1.07189
1.05774 1.07128
1.05774 1.07126
1.05774 1.07069
1.05774 1.07084
1.05774 1.07174
1.05774 1.07228
1.05774 1.07181
1.05774 1.07165
1.05774 1.07194
1.05774 1.0714
1.05774 1.0713
1.05774 1.07077
1.05774 1.07068
1.05774 1.06892
1.05774 1.06857
1.05774 1.06875
1.05774 1.06898
1.05774 1.06876
1.05774 1.06978
1.05774 1.07061
1.05774 1.06944
1.05774 1.06877
1.05774 1.0686
1.05774 1.06822
1.05774 1.06843
1.05774 1.06859
1.05774 1.06856
1.05774 1.06901
1.05774 1.06942
1.05774 1.06898
1.05774 1.06997
1.05774 1.07116
1.05206 1.07115
1.05774 1.07261
1.05774 1.07251
1.05774 1.07216
1.05774 1.0728
1.05774 1.07092
1.05774 1.07047
1.05774 1.0695
1.05774 1.06886
1.05774 1.06976
1.05774 1.06985
1.05774 1.06999
1.05774 1.07012
1.05774 1.0699
1.05774 1.07019
1.05774 1.07115
1.05774 1.07027
1.05774 1.0695
1.05774 1.0695
1.05774 1.06909
1.05774 1.06956
1.05774 1.06841
1.05774 1.06803
1.05774 1.06783
1.05774 1.06768
1.05774 1.06806
1.05774 1.06813
1.05774 1.06634
1.05774 1.06611
1.05774 1.06603
1.05774 1.06659
1.05774 1.06628
1.05774 1.06575
1.05774 1.06645
1.05774 1.06556
1.05774 1.0656
1.05774 1.06648
1.05774 1.06637
1.05774 1.0663
1.05774 1.06596
1.05774 1.06613
1.05774 1.06608
1.05774 1.0658
1.05774 1.06508
1.05774 1.06537
1.05774 1.06572
1.05774 1.06556
1.05774 1.06579
1.05774 1.06571
1.04017 1.06578
1.04017 1.0664
1.04017 1.06588
1.04017 1.06525
1.04017 1.06502
1.04017 1.06501
1.04017 1.06561
1.04017 1.06602
1.04017 1.06586
1.04017 1.06542
1.04017 1.06581
1.04017 1.06604
1.04017 1.06535
1.04017 1.06538
1.04017 1.06497
1.04017 1.0646
1.04017 1.06446
1.04017 1.06526
1.02913 1.06491
1.02913 1.06474
1.02913 1.06453
1.02913 1.06467
1.02913 1.06467
1.02913 1.06486
1.04017 1.06639
1.04017 1.06585
1.04017 1.06558
1.04017 1.06524
1.04017 1.06597
1.04017 1.06491
1.04017 1.06391
1.04017 1.06313
1.04017 1.06365
1.04017 1.06422
1.04017 1.06425
1.04017 1.06358
1.04017 1.06427
1.04017 1.06394
1.04017 1.06359
1.02913 1.06256
1.04017 1.06291
1.04017 1.06346
1.04017 1.06393
1.04017 1.06402
1.04017 1.06418
1.04017 1.06349
1.04017 1.06341
1.04017 1.06334
1.04017 1.06422
1.04017 1.06438
1.04017 1.06559
1.04017 1.06466
1.04017 1.06474
1.04017 1.06392
1.04017 1.06459
1.04017 1.06466
1.04017 1.06387
1.02913 1.06365
1.02913 1.06429
1.02913 1.06493
1.02913 1.06468
1.02913 1.06528
1.02913 1.06463
1.02913 1.06449
1.02913 1.06195
1.02913 1.06138
1.02913 1.06099
1.02913 1.06051
1.02913 1.05942
1.02913 1.05864
1.02913 1.05741
1.02913 1.05545
1.02913 1.05735
1.02913 1.05621
1.02913 1.05561
1.02913 1.05381
1.02913 1.05251
1.02913 1.0532
1.02913 1.05323
1.02913 1.053
1.02913 1.05333
1.02913 1.05382
1.02913 1.05207
1.02913 1.0514
1.02913 1.05006
1.02913 1.05014
1.02913 1.04936
1.02913 1.05045
1.02913 1.05036
1.02913 1.05225
1.02913 1.05184
1.02913 1.05094
1.02913 1.05214
1.02913 1.05135
1.02913 1.04915
1.02913 1.04882
