2.99332
3.02635
3.03222
3.00395
2.93512
2.82696
2.6971
2.57958
2.511
2.50824
2.55765
2.62724
2.68874
2.7279
2.74183
2.73311
2.70807
2.67798
2.65751
2.65812
2.68162
2.72016
2.76179
2.79571
2.81489
2.81665
2.8035
2.78364
2.7693
2.77165
2.79585
2.83796
2.88746
2.93522
2.98099
3.03128
3.08735
3.13776
3.1665
3.16424
3.13187
3.07799
3.01304
2.94409
2.87844
2.82774
2.80039
2.79271
2.7945
2.80037
2.81084
2.82284
2.82517
2.80716
2.76971
2.72696
2.69604
2.68527
2.69418
2.71975
2.75882
2.80766
2.86145
2.91422
2.95891
2.98764
2.99465
2.98349
2.96977
2.97174
2.99583
3.03225
3.06556
3.0884
3.10262
3.10512
3.08068
3.01771
2.92413
2.8232
2.73844
2.68439
2.66644
2.68226
2.71935
2.75555
2.77097
2.76137
2.738
2.7178
2.71367
2.72912
2.75692
2.7834
2.7981
2.80005
2.79398
2.78575
2.78465
2.80177
2.8408
2.89166
2.93574
2.95949
2.96402
2.96091
2.95866
2.95562
2.94474
2.92083
2.88346
2.83858
2.80032
2.78771
2.81361
2.87397
2.94991
3.02018
3.06931
3.08791
3.07118
3.01935
2.93988
2.84806
2.76477
2.71015
2.69447
2.71199
2.74419
2.77123
2.78221
2.77743
2.76203
2.73898
2.70829
2.67284
2.64303
2.63378
2.65492
2.70277
2.75992
2.80406
2.81901
2.79924
2.74781
2.67365
2.59311
2.53229
2.5179
2.55778
2.6322
2.70851
2.76066
2.77745
2.76225
2.72913
2.69688
2.68194
2.69308
2.73068
2.7877
2.85125
2.90461
2.931
2.92042
2.88069
2.83792
2.81189
2.79731
2.78268
2.76851
2.76367
2.77686
2.81229
2.86974
2.94369
3.02159
3.0859
3.12145
3.12057
3.08419
3.02116
2.94682
2.87859
2.82843
2.7989
2.78835
2.796
2.81882
2.84915
2.87924
2.90382
2.91721
2.91379
2.89091
2.84767
2.78276
2.69737
2.60121
2.51575
2.46777
2.47264
2.5247
2.60586
2.6976
2.78652
2.86394
2.92326
2.95791
2.9613
2.93026
2.87119
2.80239
2.74465
2.70444
2.67248
2.64094
2.61302
2.59684
2.59707
2.61313
2.64022
2.67003
2.69332
2.70441
2.70582
2.70585
2.71098
2.72132
2.73388
2.74903
2.77022
2.79771
2.82575
2.84714
2.85713
2.85453
2.84313
2.83154
2.82823
2.83536
2.84762
2.85734
2.85891
2.84929
2.82885
2.80338
2.78402
2.78275
2.80439
2.83903
2.86418
2.85889
2.81757
2.75305
2.68903
2.64751
2.63914
2.66299
2.71147
2.77202
2.8274
2.86241
2.87261
2.86593
2.85782
2.86296
2.88721
2.92405
2.95996
2.98441
2.99577
2.99934
3.00134
3.00421
3.0055
2.99917
2.98024
2.94948
2.91362
2.88024
2.85294
2.82961
2.80392
2.76961
2.72604
2.67917
2.63659
2.60079
2.56992
2.54414
2.52862
2.52862
2.543
2.56535
2.59026
2.61371
2.63229
2.64707
2.66204
2.67887
2.69825
2.72329
2.75651
2.79398
2.82638
2.84579
2.85215
2.85315
2.85788
2.8705
2.88918
2.90781
2.91729
2.90793
2.87371
2.81691
2.75334
2.71081
2.71214
2.75852
2.83381
2.91781
2.99178
3.04111
3.05964
3.05063
3.02252
2.98327
2.93668
2.88129
2.81636
2.75356
2.71178
2.6978
2.70181
2.71154
2.72121
2.72948
2.73448
2.73249
2.71994
2.6953
2.66039
2.62057
2.58419
2.55936
2.54972
2.55322
2.566
2.58735
2.62095
2.66746
2.71634
2.75401
2.77866
2.80089
2.83267
2.87719
2.92827
2.9758
3.01015
3.02257
3.0053
2.95496
2.87721
2.78829
2.70816
2.64971
2.61264
2.58874
2.57208
2.56546
2.57611
2.60645
2.65108
2.70081
2.74675
2.78311
2.80789
2.82318
2.83485
2.8489
2.86485
2.87432
2.86846
2.84555
2.81186
2.77788
2.75447
2.74819
2.75726
2.77226
2.78246
2.78312
2.77864
2.77969
2.79474
2.82433
2.8618
2.89804
2.92567
2.94068
2.94228
2.93279
2.91932
2.91254
2.91912
2.93414
2.9437
2.93438
2.89953
2.84056
2.7668
2.69438
2.6424
2.62487
2.6436
2.68832
2.74243
2.79032
2.82253
2.8375
2.84152
2.84696
2.8642
2.8905
2.9103
2.90707
2.87379
2.81823
2.76389
2.74033
2.76216
2.81552
2.86915
2.89692
2.89004
2.85589
2.80983
2.76708
2.73917
2.73267
2.74885
2.78294
2.82473
2.86181
2.88361
2.88428
2.86445
2.83106
2.79441
2.76263
2.73863
2.72075
2.70744
2.70272
2.71468
2.74596
2.78991
2.83825
2.88689
2.9326
2.96862
2.98446
2.96982
2.92099
2.84578
2.76275
2.69411
2.65683
2.65672
2.68936
2.74411
2.80843
2.87252
2.9315
2.98085
3.01109
3.01161
2.97915
2.92166
2.85539
2.79774
2.76232
2.75618
2.77777
2.81742
2.86209
2.9
2.92333
2.92852
2.91581
2.88835
2.8515
2.81272
2.7813
2.76622
2.77021
2.78551
2.79859
2.79963
2.78793
2.77147
2.76115
2.76344
2.77851
2.80233
2.82861
2.85019
2.86175
2.86124
2.84861
2.8248
2.79276
2.75721
2.7229
2.69338
2.67199
2.66328
2.67257
2.704
2.75861
2.83272
2.91589
2.99155
3.04222
3.05628
3.03263
2.98102
2.91883
2.86466
2.83054
2.81815
2.82074
2.82846
2.83275
2.82864
2.81401
2.78585
2.7372
2.66082
2.56178
2.47348
2.4447
2.48638
2.56328
2.64289
2.71482
2.7807
2.84419
2.90452
2.95436
2.98532
2.99423
2.98465
2.96467
2.94396
2.93139
2.93254
2.94788
2.97172
2.99307
2.99885
2.97764
2.92513
2.85034
2.77661
2.73089
2.7286
2.76806
2.83568
2.91154
2.97462
3.00809
3.00281
2.95911
2.88632
2.79997
2.71777
2.65407
2.61432
2.59411
2.58592
2.58636
2.59526
2.60915
2.6196
2.6188
2.60347
2.57515
2.53967
2.50805
2.49405
2.50598
2.53834
2.57441
2.59986
2.61889
2.65435
2.7202
2.80332
2.88368
2.95117
3.00094
3.02897
3.03284
3.01326
2.97485
2.92752
2.88582
2.86289
2.86218
2.87603
2.89312
2.90659
2.91555
2.92159
2.92498
2.92354
2.91557
2.90357
2.8928
2.88497
2.87416
2.85212
2.81737
2.77606
2.73429
2.69302
2.65071
2.60848
2.57349
2.55964
2.58243
2.64646
2.7381
2.8328
2.90847
2.95309
2.96441
2.94702
2.90941
2.86299
2.82026
2.79165
2.78159
2.78713
2.80023
2.81249
2.81915
2.82001
2.81724
2.81246
2.80559
2.79461
2.77624
2.74688
2.70508
2.65333
2.59594
2.53586
2.47464
2.41526
2.36458
2.33213
2.32573
2.34749
2.3934
2.45575
2.52475
2.58945
2.6392
2.66537
2.66349
2.63525
2.59081
2.54881
2.5302
2.54794
2.60012
2.67341
2.7515
2.81976
2.86507
2.87542
2.84351
2.77255
2.67917
2.59209
2.54303
2.5483
2.59672
2.66198
2.72358
2.77242
2.80665
2.82796
2.83913
2.84176
2.83539
2.81839
2.78915
2.74672
2.69464
2.64554
2.6175
2.6206
2.65127
2.6998
2.75723
2.81697
2.87518
2.92944
2.97713
3.01422
3.03616
3.04046
3.02865
3.00646
2.98182
2.95977
2.94111
2.92619
2.91804
2.91879
2.92364
2.92125
2.9004
2.85644
2.79409
2.72423
2.65793
2.60318
2.56586
2.5511
2.56071
2.59011
2.62844
2.66381
2.69012
2.70857
2.72089
2.72465
2.717
2.70018
2.684
2.68148
2.70028
2.73591
2.77394
2.79987
2.80778
2.80301
2.79717
2.79886
2.80755
2.81501
2.81191
2.79371
2.7631
2.7312
2.71432
2.72394
2.75619
2.79611
2.83026
2.85378
2.86925
2.88231
2.89671
2.91086
2.91917
2.91735
2.90734
2.89639
2.88985
2.88941
2.89833
2.92201
2.96084
3.00523
3.03883
3.0462
3.01982
2.96044
2.8755
2.78174
2.70435
2.66474
2.6694
2.71006
2.76901
2.82493
2.85935
2.86123
2.83052
2.78445
2.75471
2.75826
2.77614
2.77503
2.73972
2.68287
2.63161
2.6064
2.61101
2.63983
2.68606
2.74103
2.79232
2.82745
2.83933
2.82872
2.80134
2.76292
2.71619
2.66187
2.60229
2.54485
2.50223
2.48838
2.51072
2.5621
2.62193
2.66882
2.69199
2.69178
2.67494
2.65312
2.64287
2.65969
2.70801
2.77948
2.86243
2.95137
3.04533
3.13892
3.21773
3.26426
3.269
3.23602
3.17911
3.10933
3.02837
2.94313
2.88508
2.88322
2.91693
2.94641
2.95763
2.95587
2.94709
2.93116
2.90446
2.86553
2.81927
2.77636
2.74866
2.74243
2.75456
2.77554
2.79738
2.81692
2.83122
2.83387
2.81847
2.78426
2.73604
2.68025
2.62406
2.57624
2.54476
2.53364
2.54337
2.57389
2.62512
2.69349
2.76794
2.83053
2.86485
2.86987
2.86714
2.88299
2.9223
2.97142
3.01664
3.04978
3.06439
3.05398
3.0146
2.94943
2.87268
2.80699
2.77086
2.76592
2.77775
2.78767
2.78436
2.76886
2.7503
2.73715
2.73295
2.73959
2.75824
2.78533
2.80931
2.81509
2.79336
2.74725
2.69254
2.64865
2.62435
2.61199
2.59818
2.57728
2.55547
2.54495
2.55433
2.58774
2.64895
2.73174
2.81395
2.87379
2.90214
2.90122
2.87904
2.8463
2.81533
2.79921
2.80778
2.84222
2.89655
2.96487
3.04357
3.12706
3.20464
3.263
3.29002
3.27772
3.22488
3.13886
3.03592
2.93691
2.85659
2.79347
2.73215
2.65718
2.56743
2.47936
2.41345
2.38069
2.38431
2.42102
2.47817
2.53888
2.59121
2.63298
2.67115
2.71621
2.77355
2.83574
2.88289
2.89478
2.86263
2.79127
2.6964
2.60168
2.5334
2.50502
2.51174
2.5467
2.60294
2.65931
2.6879
2.67404
2.62284
2.55357
2.49144
2.45933
2.46884
2.51459
2.57935
2.64734
2.71146
2.76869
2.81413
2.84225
2.85074
2.84203
2.82181
2.79808
2.78007
2.77644
2.79222
2.82644
2.87284
2.92305
2.97022
3.00971
3.03725
3.04715
3.03385
2.99631
2.94104
2.88338
2.84329
2.83531
2.86248
2.91759
2.98731
3.05539
3.10488
3.1221
3.10158
3.0494
2.98385
2.92853
2.9005
2.9022
2.92298
2.94709
2.96007
2.95329
2.9285
2.89897
2.88129
2.88103
2.88836
2.88959
2.87753
2.8522
2.81722
2.77798
2.74097
2.71332
2.70143
2.7083
2.73022
2.75764
2.78214
2.80215
2.82087
2.83971
2.85487
2.85894
2.8476
2.82526
2.8017
2.78314
2.76889
2.75631
2.74577
2.74067
2.74192
2.7455
2.74641
2.74237
2.73211
2.7123
2.67822
2.62832
2.56827
2.51003
2.46668
2.44736
2.45609
2.49238
2.5491
2.61376
2.67609
2.73334
2.78747
2.83919
2.88452
2.91614
2.9283
2.92231
2.91144
2.91744
2.94856
2.98365
2.99277
2.96465
2.91077
2.85476
2.8182
2.80962
2.82153
2.83878
2.85108
2.86061
2.87888
2.91325
2.95759
3.00032
3.03706
3.06774
3.08535
3.07622
3.0308
2.95243
2.85801
2.77168
2.71508
2.69951
2.72369
2.7755
2.83517
2.88182
2.90223
2.89513
2.87039
2.84356
2.82793
2.82827
2.84097
2.85589
2.85955
2.84266
2.80816
2.77005
2.74222
2.72958
2.72863
2.73335
2.73898
2.74465
2.75318
2.76802
2.79065
2.81991
2.85336
2.88709
2.91529
2.931
2.93029
2.91638
2.89847
2.88428
2.8764
2.87161
2.86181
2.8396
2.80437
2.76049
2.71198
2.66192
2.61511
2.57945
2.56208
2.56468
2.58458
2.61988
2.67174
2.74073
2.82166
2.90079
2.95878
2.97902
2.9546
2.88914
2.79524
2.69634
2.62663
2.61725
2.67356
2.77306
2.88685
2.9942
3.08102
3.13487
3.14553
3.10873
3.029
2.92427
2.82949
2.78126
2.78923
2.83402
2.88677
2.91982
2.91338
2.86566
2.79894
2.74687
2.72781
2.73356
2.74451
2.74892
2.74801
2.74813
2.75243
2.7627
2.78462
2.82708
2.89373
2.97358
3.04336
3.08325
3.08814
3.06319
3.01588
2.95479
2.88982
2.83141
2.78874
2.76572
2.75698
2.75134
2.74149
2.72824
2.71638
2.71122
2.71727
2.73463
2.75698
2.77422
2.77722
2.76278
2.73729
2.7198
2.73416
2.78084
2.83269
2.86809
2.88542
2.89203
2.89217
2.88592
2.87372
2.85789
2.84155
2.82923
2.82613
2.83379
2.84601
2.8529
2.84856
2.83384
2.812
2.78547
2.75806
2.73513
2.71898
2.70725
2.69712
2.68875
2.68429
2.68515
2.69132
2.70702
2.74386
2.80652
2.87732
2.93106
2.95521
2.95068
2.92599
2.89389
2.86925
2.86459
2.88244
2.91224
2.93777
2.94819
2.94281
2.92549
2.89477
2.84394
2.77121
2.68707
2.61115
2.56283
2.551
2.5676
2.59239
2.60752
2.60892
2.605
2.60625
2.61918
2.64708
2.68791
2.73151
2.76402
2.77555
2.76595
2.74618
2.73356
2.74021
2.76585
2.80138
2.83696
2.86503
2.8813
2.88695
2.88924
2.89605
2.90884
2.92222
2.93087
2.93331
2.92975
2.92121
2.9121
2.90898
2.91576
2.93267
2.95857
2.9907
3.02377
3.05128
3.06857
3.07529
3.0742
3.06718
3.05117
3.01809
2.95968
2.87507
2.77626
2.68782
2.63615
2.63333
2.67174
2.73131
2.78887
2.82684
2.83988
2.83188
2.80835
2.77872
2.75999
2.76726
2.80259
2.85583
2.91264
2.9581
2.97578
2.95147
2.88116
2.77629
2.66078
2.56092
2.49436
2.46596
2.47032
2.49767
2.53943
2.58889
2.63904
2.68422
2.7239
2.76275
2.80699
2.85942
2.91638
2.96898
3.00585
3.01562
2.98883
2.92166
2.82017
2.70146
2.5886
2.50194
2.45348
2.44733
2.4842
2.56187
2.66998
2.78958
2.90018
2.9877
3.04696
3.07867
3.08531
3.06952
3.03478
2.98591
2.92965
2.87434
2.82764
2.79402
2.77252
2.75665
2.73737
2.70871
2.67169
2.63144
2.591
2.54961
2.50846
2.47721
2.47111
2.49879
2.5557
2.62954
2.71
2.79239
2.87457
2.95099
3.01055
3.03954
3.02779
2.97441
2.8907
2.79911
2.72717
2.69722
2.71715
2.77956
2.86831
2.96334
3.04392
3.09657
3.11708
3.10628
3.07042
3.0205
2.96574
2.90907
2.85122
2.79984
2.77024
2.77086
2.79044
2.80703
2.80397
2.77531
2.72581
2.67006
2.62759
2.61221
2.62301
2.64793
2.67514
2.70024
2.72459
2.74987
2.77462
2.79357
2.8008
2.79459
2.77799
2.7547
2.72571
2.68939
2.64471
2.59455
2.5457
2.50598
2.4809
2.47181
2.47719
2.49798
2.53939
2.6058
2.69267
2.78477
2.86454
2.92072
2.95058
2.95838
2.95261
2.94164
2.92841
2.90851
2.8758
2.83159
2.78828
2.76135
2.75646
2.76656
2.78096
2.79412
2.80852
2.83065
2.86074
2.88795
2.89831
2.88768
2.86694
2.85294
2.85476
2.87031
2.89385
2.92094
2.94592
2.95991
2.95358
2.92165
2.86441
2.78648
2.69543
2.6026
2.52592
2.48531
2.48878
2.52707
2.58387
2.64576
2.70594
2.76308
2.81684
2.86403
2.89899
2.91697
2.91778
2.90766
2.89564
2.88554
2.87283
2.85111
2.81704
2.76928
2.70992
2.65083
2.61431
2.61986
2.66716
2.73861
2.81698
2.89327
2.96272
3.02018
3.05903
3.075
3.06847
3.04172
2.99545
2.93281
2.86573
2.8106
2.77689
2.76368
2.76569
2.77726
2.79058
2.79534
2.78382
2.75743
2.72859
2.715
2.72626
2.75433
2.78073
2.79336
2.79643
2.80545
2.83447
2.88618
2.95044
3.00889
3.0423
3.03772
2.99143
2.90873
2.80384
2.69818
2.6138
2.56316
2.54449
2.54899
2.56965
2.60437
2.65438
2.72107
2.80344
2.89661
2.99094
3.07295
3.1283
3.14511
3.1152
3.03409
2.90547
2.75072
2.6093
2.50929
2.44305
2.39378
2.37033
2.40227
2.49828
2.62701
2.75133
2.85351
2.92819
2.97273
2.98616
2.97175
2.93629
2.88562
2.82511
2.7663
2.72719
2.72171
2.74993
2.79902
2.85224
2.89613
2.9221
2.92749
2.91652
2.89911
2.88762
2.89137
2.90992
2.93255
2.94588
2.94247
2.92524
2.90702
2.90362
2.92183
2.95571
2.9941
3.02587
3.04161
3.03614
3.00834
2.95943
2.89264
2.81627
2.74475
2.68981
2.65105
2.62222
2.60202
2.59379
2.59948
2.61656
2.63838
2.65554
2.65977
2.64832
2.6244
2.59345
2.56069
2.53255
2.51755
2.52269
2.54846
2.58902
2.63649
2.68413
2.72725
2.76297
2.79034
2.81104
2.83024
2.85678
2.90169
2.97134
3.0583
3.14172
3.20078
3.22541
3.21576
3.17529
3.1069
3.01701
2.92204
2.84551
2.8047
2.80154
2.82715
2.86826
2.91002
2.93886
2.9456
2.92765
2.89022
2.84505
2.80586
2.78093
2.76799
2.75722
2.74065
2.72043
2.70934
2.72192
2.76255
2.82094
2.87847
2.91842
2.93171
2.91892
2.88981
2.85978
2.84126
2.83485
2.82822
2.80608
2.76103
2.69751
2.63011
2.57787
2.55755
2.57692
2.63224
2.71114
2.79757
2.87623
2.93507
2.96764
2.97578
2.97069
2.9672
2.9728
2.98156
2.9804
2.96001
2.92178
2.87602
2.83444
2.80308
2.78041
2.76224
2.74657
2.73478
2.72863
2.72656
2.7246
2.72152
2.7234
2.74243
2.78935
2.86307
2.94656
3.01419
3.04659
3.04166
3.01302
2.97724
2.94641
2.92844
2.92259
2.91684
2.90156
2.8877
2.89803
2.93417
2.97523
3.0031
3.00987
2.994
2.95872
2.91172
2.86341
2.82443
2.80114
2.78908
2.77296
2.73646
2.67248
2.58781
2.50608
2.46456
2.49667
2.6075
2.76316
2.91231
3.01888
3.07241
3.07882
3.04734
2.98489
2.90215
2.82151
2.76228
2.71883
2.67738
2.63872
2.61389
2.61159
2.63228
2.66866
2.70808
2.73653
2.74483
2.73425
2.71649
2.70482
2.70353
2.70817
2.71538
2.72777
2.74863
2.77635
2.80655
2.83626
2.86274
2.88116
2.8852
2.87004
2.83691
2.79686
2.76959
2.77267
2.80695
2.85614
2.89958
2.92239
2.919
2.89392
2.85914
2.82911
2.81666
2.83202
2.87991
2.95344
3.03361
3.09846
3.13344
3.13584
3.11319
3.07641
3.03453
2.99408
2.9562
2.91464
2.86099
2.79206
2.71213
2.6315
2.56353
2.51812
2.49325
2.47496
2.44788
2.40577
2.35516
2.31378
2.30277
2.33393
2.4049
2.50488
2.61978
2.7344
2.83506
2.91041
2.95201
2.95761
2.93566
2.90511
2.88599
2.887
2.90117
2.91421
2.91565
2.90323
2.87954
2.84761
2.81041
2.77622
2.75933
2.76569
2.78177
2.79005
2.78723
2.7829
2.78745
2.80297
2.82294
2.83888
2.84677
2.85006
2.85749
2.87692
2.90896
2.94475
2.97113
2.97902
2.96813
2.94424
2.91113
2.86767
2.81474
2.76079
2.7185
2.698
2.70419
2.73606
2.78549
2.83792
2.87837
2.90014
2.9099
2.92029
2.93419
2.94055
2.92753
2.89474
2.85456
2.82632
2.82583
2.85362
2.89382
2.92511
2.93115
2.90292
2.83783
2.74207
2.63476
2.54629
2.50776
2.53893
2.63783
2.77751
2.91734
3.02043
3.06465
3.04558
2.97504
2.87789
2.78536
2.72598
2.716
2.75356
2.82094
2.89494
2.95773
3.0003
3.0193
3.01441
2.98794
2.94381
2.8863
2.82014
2.75374
2.70004
2.66973
2.66265
2.67063
2.68643
2.70701
2.7288
2.7421
2.73615
2.71076
2.67737
2.64838
2.63027
2.62521
2.62989
2.63248
2.62314
2.60959
2.61239
2.64539
2.70918
2.79541
2.89065
2.98231
3.06344
3.1325
3.18949
3.23211
3.25448
3.24913
3.21203
3.14611
3.0599
2.96339
2.86693
2.78841
2.75413
2.77573
2.83196
2.88646
2.91144
2.89841
2.8599
2.81825
2.78692
2.76575
2.75102
2.74193
2.73878
2.74022
2.74468
2.75375
2.77077
2.79429
2.81514
2.82278
2.81193
2.78379
2.74634
2.71472
2.70469
2.72159
2.75749
2.79972
2.83871
2.86782
2.88199
