-5.46406
-5.49645
-5.50136
-5.47083
-5.40038
-5.29027
-5.16233
-5.04479
-4.97425
-4.97215
-5.02255
-5.09346
-5.15625
-5.19639
-5.20999
-5.20159
-5.17881
-5.14936
-5.12823
-5.12788
-5.153
-5.19188
-5.23059
-5.2642
-5.28047
-5.27995
-5.26583
-5.2492
-5.23582
-5.23559
-5.26173
-5.30482
-5.35562
-5.405
-5.44979
-5.49586
-5.55065
-5.60074
-5.62884
-5.62464
-5.5942
-5.53902
-5.47698
-5.40836
-5.34108
-5.28779
-5.26239
-5.2518
-5.25229
-5.25848
-5.2722
-5.28291
-5.28687
-5.26886
-5.2301
-5.18766
-5.15641
-5.14695
-5.15715
-5.18466
-5.22341
-5.27225
-5.32442
-5.37882
-5.42513
-5.45225
-5.46185
-5.4536
-5.43889
-5.43989
-5.46204
-5.49685
-5.53179
-5.55463
-5.56982
-5.57233
-5.5466
-5.48557
-5.38841
-5.28746
-5.20399
-5.15189
-5.13458
-5.15073
-5.18751
-5.22275
-5.23687
-5.22727
-5.20389
-5.18335
-5.18019
-5.19597
-5.22346
-5.24898
-5.26595
-5.26887
-5.2602
-5.25586
-5.25572
-5.27122
-5.31091
-5.3608
-5.40458
-5.42702
-5.43058
-5.4281
-5.42457
-5.41829
-5.40644
-5.38286
-5.34387
-5.29768
-5.25972
-5.24872
-5.27528
-5.33791
-5.41613
-5.48803
-5.53749
-5.55544
-5.53969
-5.48785
-5.40804
-5.3175
-5.23453
-5.17925
-5.16326
-5.17981
-5.20846
-5.2355
-5.24811
-5.24429
-5.22663
-5.20099
-5.16997
-5.13354
-5.10372
-5.09577
-5.11983
-5.16995
-5.22841
-5.27256
-5.28945
-5.26903
-5.21857
-5.14505
-5.06255
-4.99944
-4.98667
-5.02463
-5.10036
-5.17863
-5.23273
-5.25211
-5.2356
-5.20506
-5.1728
-5.15817
-5.1677
-5.20238
-5.25747
-5.322
-5.37602
-5.40177
-5.39151
-5.34821
-5.30608
-5.27876
-5.26548
-5.24955
-5.23505
-5.22923
-5.24437
-5.28206
-5.33757
-5.4099
-5.4875
-5.55181
-5.5919
-5.59232
-5.55269
-5.489
-5.41271
-5.34577
-5.29788
-5.2677
-5.25683
-5.26545
-5.2886
-5.31731
-5.34838
-5.37491
-5.3883
-5.38456
-5.36169
-5.31844
-5.25354
-5.16782
-5.06971
-4.98164
-4.93365
-4.9382
-4.9893
-5.06918
-5.15995
-5.24596
-5.32598
-5.38724
-5.42255
-5.42756
-5.40008
-5.34003
-5.27057
-5.21412
-5.17197
-5.13937
-5.10815
-5.08023
-5.06437
-5.06265
-5.0771
-5.10387
-5.13304
-5.15763
-5.16678
-5.16559
-5.16432
-5.17042
-5.1853
-5.19721
-5.21462
-5.23614
-5.26396
-5.29006
-5.31307
-5.32372
-5.31884
-5.30906
-5.2994
-5.3003
-5.30872
-5.31807
-5.32748
-5.32937
-5.3204
-5.29737
-5.27188
-5.25285
-5.25384
-5.27354
-5.31013
-5.33303
-5.3284
-5.28675
-5.22124
-5.15721
-5.1147
-5.10601
-5.13278
-5.18159
-5.23892
-5.293
-5.32964
-5.34113
-5.33283
-5.32406
-5.33081
-5.35733
-5.39418
-5.42847
-5.4539
-5.4659
-5.47012
-5.47179
-5.47758
-5.47919
-5.47222
-5.45361
-5.4222
-5.38699
-5.35392
-5.32435
-5.29779
-5.27372
-5.24104
-5.19487
-5.14476
-5.10055
-5.06477
-5.03584
-5.0107
-4.99518
-4.99712
-5.01086
-5.03419
-5.05943
-5.08384
-5.10242
-5.11817
-5.13119
-5.14899
-5.17032
-5.19471
-5.22728
-5.26508
-5.29554
-5.31528
-5.32001
-5.32262
-5.32509
-5.33577
-5.35218
-5.36953
-5.37901
-5.37063
-5.33706
-5.28155
-5.21827
-5.17638
-5.18094
-5.22669
-5.3036
-5.38859
-5.46225
-5.50963
-5.52881
-5.52044
-5.49168
-5.4521
-5.40682
-5.35078
-5.28422
-5.22173
-5.17995
-5.16792
-5.17323
-5.18329
-5.19231
-5.19896
-5.20397
-5.20392
-5.19202
-5.16803
-5.13247
-5.09168
-5.05334
-5.02819
-5.01855
-5.0227
-5.03645
-5.0578
-5.09107
-5.1363
-5.18648
-5.2261
-5.24976
-5.27231
-5.30214
-5.34666
-5.39645
-5.44206
-5.47835
-5.48981
-5.47319
-5.42318
-5.34736
-5.25875
-5.17958
-5.11757
-5.08342
-5.0592
-5.04254
-5.03624
-5.04592
-5.07561
-5.11701
-5.1661
-5.2114
-5.24743
-5.27221
-5.28846
-5.30142
-5.31579
-5.33629
-5.34641
-5.33925
-5.31666
-5.28296
-5.24801
-5.22719
-5.2209
-5.22771
-5.24207
-5.25422
-5.2539
-5.24618
-5.24366
-5.25904
-5.29122
-5.32676
-5.36397
-5.39095
-5.4037
-5.40335
-5.3945
-5.37941
-5.3749
-5.3805
-5.39521
-5.40381
-5.39546
-5.36223
-5.3052
-5.23046
-5.15899
-5.10636
-5.09077
-5.10854
-5.15326
-5.20642
-5.25398
-5.28425
-5.29922
-5.3042
-5.30769
-5.3259
-5.35286
-5.37559
-5.37236
-5.33843
-5.28383
-5.22914
-5.20493
-5.22741
-5.28241
-5.33477
-5.35898
-5.35144
-5.31761
-5.27186
-5.22911
-5.20054
-5.19274
-5.20925
-5.2427
-5.28611
-5.32612
-5.35019
-5.34957
-5.33361
-5.29957
-5.25967
-5.2253
-5.2013
-5.18439
-5.1714
-5.16732
-5.18058
-5.21057
-5.25225
-5.30189
-5.35248
-5.39884
-5.43551
-5.45136
-5.43641
-5.38628
-5.31041
-5.22542
-5.15774
-5.12111
-5.12198
-5.1556
-5.21197
-5.27597
-5.34103
-5.39937
-5.44937
-5.47929
-5.48111
-5.44508
-5.38823
-5.32162
-5.26526
-5.22952
-5.2224
-5.24432
-5.28431
-5.32833
-5.36755
-5.3899
-5.39574
-5.38174
-5.35394
-5.31742
-5.27701
-5.24397
-5.22986
-5.23451
-5.25014
-5.26355
-5.2633
-5.24965
-5.23253
-5.22318
-5.22644
-5.24345
-5.26792
-5.29582
-5.31515
-5.32703
-5.32685
-5.31453
-5.2878
-5.25609
-5.2215
-5.18817
-5.15832
-5.1353
-5.12562
-5.13394
-5.16666
-5.21965
-5.29539
-5.38051
-5.4549
-5.50719
-5.51897
-5.495
-5.4424
-5.3815
-5.32797
-5.29677
-5.28244
-5.28374
-5.28984
-5.29382
-5.28906
-5.2741
-5.24563
-5.19667
-5.11964
-5.02025
-4.93192
-4.9041
-4.94614
-5.02596
-5.10816
-5.18009
-5.245
-5.30946
-5.37076
-5.42417
-5.45449
-5.46436
-5.45477
-5.43512
-5.41116
-5.39924
-5.40006
-5.41282
-5.43667
-5.46094
-5.46932
-5.44844
-5.39625
-5.32112
-5.24899
-5.20164
-5.1987
-5.23623
-5.30451
-5.37974
-5.44282
-5.47695
-5.47328
-5.42828
-5.35742
-5.27333
-5.18852
-5.1232
-5.08281
-5.06196
-5.0528
-5.05518
-5.06214
-5.07734
-5.08779
-5.08926
-5.07555
-5.04593
-5.00979
-4.97752
-4.96125
-4.97254
-5.00329
-5.03937
-5.06417
-5.08675
-5.12413
-5.1874
-5.27151
-5.35188
-5.41969
-5.47011
-5.49944
-5.50266
-5.48081
-5.44467
-5.39506
-5.35303
-5.32816
-5.32809
-5.34065
-5.35807
-5.37285
-5.38083
-5.38428
-5.39092
-5.39077
-5.38312
-5.37209
-5.36197
-5.35318
-5.34464
-5.32065
-5.2872
-5.24556
-5.20346
-5.1622
-5.11859
-5.07507
-5.04104
-5.02912
-5.05191
-5.11497
-5.20565
-5.30069
-5.37604
-5.42196
-5.43327
-5.4162
-5.37988
-5.33409
-5.29362
-5.26534
-5.25301
-5.25985
-5.27426
-5.28684
-5.29415
-5.29598
-5.29255
-5.2881
-5.2809
-5.26896
-5.25091
-5.22447
-5.18073
-5.13027
-5.07191
-5.0128
-4.95125
-4.89252
-4.83924
-4.80809
-4.80298
-4.82345
-4.87001
-4.93236
-5.00201
-5.06866
-5.11712
-5.14427
-5.13979
-5.11382
-5.06969
-5.02898
-5.01036
-5.02777
-5.07996
-5.15164
-5.23006
-5.29703
-5.34041
-5.35303
-5.32371
-5.25404
-5.15838
-5.07096
-5.02189
-5.02652
-5.07301
-5.13666
-5.19729
-5.24322
-5.2768
-5.30232
-5.31219
-5.31482
-5.30845
-5.29242
-5.26028
-5.21784
-5.16576
-5.11665
-5.09021
-5.09041
-5.11979
-5.16735
-5.22122
-5.27999
-5.34079
-5.39538
-5.4421
-5.47854
-5.49887
-5.50316
-5.4907
-5.47012
-5.44548
-5.42407
-5.40508
-5.38984
-5.38298
-5.38309
-5.38665
-5.38395
-5.36212
-5.31493
-5.25516
-5.18756
-5.12223
-5.06812
-5.0308
-5.01474
-5.02597
-5.0557
-5.09339
-5.12682
-5.15152
-5.17255
-5.18552
-5.19091
-5.18486
-5.16772
-5.15153
-5.14933
-5.16619
-5.20313
-5.24149
-5.26645
-5.27403
-5.26893
-5.26599
-5.26801
-5.27541
-5.28093
-5.27719
-5.26093
-5.22967
-5.19776
-5.1799
-5.1934
-5.22534
-5.26462
-5.2978
-5.32359
-5.3397
-5.35405
-5.36942
-5.38228
-5.38962
-5.38586
-5.37488
-5.36489
-5.35997
-5.35791
-5.36489
-5.38921
-5.42739
-5.46953
-5.50314
-5.51181
-5.48478
-5.42314
-5.33948
-5.24603
-5.16991
-5.12933
-5.13367
-5.17273
-5.23266
-5.28891
-5.32367
-5.32458
-5.29386
-5.24615
-5.21736
-5.22385
-5.24078
-5.24098
-5.20533
-5.14975
-5.09816
-5.07327
-5.07983
-5.10832
-5.15618
-5.20985
-5.26148
-5.29435
-5.30591
-5.29561
-5.27018
-5.2324
-5.18599
-5.13103
-5.07145
-5.01335
-4.97136
-4.95621
-4.97727
-5.02834
-5.09012
-5.13637
-5.16148
-5.1603
-5.14443
-5.12098
-5.11395
-5.12818
-5.17554
-5.24733
-5.32867
-5.4189
-5.51642
-5.6097
-5.6869
-5.73117
-5.73527
-5.70034
-5.64342
-5.57396
-5.49042
-5.40257
-5.34289
-5.34265
-5.37704
-5.40588
-5.4171
-5.4163
-5.40979
-5.39127
-5.36651
-5.32726
-5.28164
-5.2371
-5.21004
-5.20511
-5.2208
-5.24146
-5.26557
-5.28512
-5.30168
-5.30532
-5.28991
-5.25603
-5.20359
-5.14812
-5.09128
-5.0454
-5.01359
-5.00345
-5.01091
-5.04079
-5.09007
-5.15844
-5.2342
-5.29519
-5.32724
-5.33451
-5.32917
-5.34437
-5.38239
-5.43055
-5.47966
-5.5154
-5.52612
-5.51474
-5.47439
-5.4118
-5.33439
-5.27193
-5.23773
-5.23087
-5.24466
-5.25037
-5.24868
-5.23285
-5.21396
-5.19983
-5.19466
-5.20065
-5.22254
-5.25028
-5.27525
-5.28136
-5.26093
-5.21708
-5.16494
-5.12137
-5.0987
-5.08473
-5.07222
-5.05163
-5.02884
-5.01767
-5.02608
-5.05786
-5.12231
-5.20414
-5.28637
-5.34524
-5.37229
-5.36878
-5.34756
-5.31482
-5.28416
-5.26836
-5.27725
-5.31234
-5.36441
-5.4324
-5.51013
-5.59233
-5.6683
-5.72796
-5.75629
-5.74593
-5.6947
-5.6077
-5.50443
-5.40769
-5.32639
-5.26231
-5.20036
-5.12442
-5.03336
-4.94917
-4.8826
-4.84984
-4.85378
-4.89277
-4.94864
-5.00902
-5.06265
-5.10409
-5.14323
-5.18828
-5.24628
-5.30978
-5.35889
-5.36917
-5.33701
-5.265
-5.17012
-5.07766
-5.01033
-4.98132
-4.98837
-5.02365
-5.07797
-5.13597
-5.16328
-5.14876
-5.0956
-5.02372
-4.96449
-4.93368
-4.94287
-4.9896
-5.05437
-5.12333
-5.18583
-5.24209
-5.28948
-5.31532
-5.3222
-5.31187
-5.29229
-5.26856
-5.25021
-5.24788
-5.26301
-5.29529
-5.33878
-5.38868
-5.43844
-5.47631
-5.50261
-5.51122
-5.49955
-5.46362
-5.40543
-5.34485
-5.30345
-5.29385
-5.32233
-5.37647
-5.44911
-5.51979
-5.57026
-5.58587
-5.5634
-5.51154
-5.44403
-5.38773
-5.361
-5.36691
-5.3877
-5.41279
-5.42901
-5.42094
-5.39808
-5.36821
-5.35117
-5.35319
-5.36052
-5.36014
-5.35002
-5.3221
-5.28615
-5.24625
-5.21215
-5.18483
-5.17131
-5.1798
-5.20011
-5.22591
-5.24976
-5.27074
-5.28913
-5.30798
-5.32121
-5.32625
-5.31361
-5.29191
-5.27029
-5.25205
-5.23554
-5.2249
-5.21501
-5.20958
-5.21213
-5.21765
-5.21954
-5.21259
-5.202
-5.1809
-5.14617
-5.09692
-5.03752
-4.97732
-4.93073
-4.91141
-4.91982
-4.95838
-5.0164
-5.07719
-5.14146
-5.19806
-5.25122
-5.2997
-5.34698
-5.38087
-5.39368
-5.38931
-5.3768
-5.38441
-5.41588
-5.45163
-5.45849
-5.42907
-5.37096
-5.31428
-5.27902
-5.27205
-5.28301
-5.30027
-5.31354
-5.32566
-5.34327
-5.37603
-5.42135
-5.4644
-5.50178
-5.53215
-5.55171
-5.54226
-5.49749
-5.42009
-5.32403
-5.23736
-5.18076
-5.16486
-5.18775
-5.23958
-5.29764
-5.34559
-5.36407
-5.36019
-5.33576
-5.3099
-5.29394
-5.29331
-5.30504
-5.32062
-5.32396
-5.30609
-5.26965
-5.22958
-5.20564
-5.19396
-5.19141
-5.19548
-5.20143
-5.20905
-5.21692
-5.23111
-5.2531
-5.28333
-5.31873
-5.35214
-5.38293
-5.40059
-5.39922
-5.38758
-5.36805
-5.35386
-5.34339
-5.33795
-5.33108
-5.30563
-5.26651
-5.22327
-5.17605
-5.12503
-5.07788
-5.04482
-5.02841
-5.03101
-5.05479
-5.0901
-5.14391
-5.21387
-5.29351
-5.3733
-5.42904
-5.44572
-5.42162
-5.35712
-5.26192
-5.163
-5.09262
-5.08324
-5.14118
-5.24296
-5.35417
-5.46218
-5.54868
-5.60124
-5.61126
-5.57511
-5.49505
-5.38965
-5.29387
-5.24467
-5.25363
-5.29779
-5.35119
-5.38523
-5.37781
-5.33074
-5.26432
-5.21159
-5.19319
-5.19701
-5.21056
-5.21658
-5.21534
-5.21513
-5.21975
-5.23067
-5.25388
-5.29698
-5.36202
-5.44285
-5.51233
-5.55221
-5.55548
-5.5289
-5.48321
-5.41757
-5.3526
-5.29418
-5.25151
-5.22979
-5.21977
-5.21542
-5.20589
-5.19329
-5.18272
-5.18047
-5.18458
-5.2
-5.22301
-5.24284
-5.24552
-5.23011
-5.20267
-5.18322
-5.1979
-5.24719
-5.2984
-5.33542
-5.35534
-5.36291
-5.3624
-5.35518
-5.34297
-5.32553
-5.30983
-5.29848
-5.29311
-5.29981
-5.31269
-5.31893
-5.31621
-5.30246
-5.28029
-5.25312
-5.22344
-5.20115
-5.18306
-5.17264
-5.16089
-5.15122
-5.14708
-5.14956
-5.15508
-5.17207
-5.20956
-5.27579
-5.34724
-5.39937
-5.4219
-5.41737
-5.393
-5.36218
-5.34109
-5.33708
-5.35818
-5.3896
-5.41482
-5.42686
-5.42147
-5.40189
-5.37021
-5.31711
-5.24438
-5.15925
-5.08364
-5.03532
-5.02414
-5.03946
-5.06328
-5.07842
-5.07754
-5.07361
-5.07292
-5.08746
-5.11861
-5.15977
-5.20143
-5.23524
-5.24547
-5.23522
-5.21512
-5.20345
-5.20655
-5.23187
-5.26773
-5.30363
-5.33074
-5.34538
-5.35006
-5.35234
-5.36206
-5.37453
-5.38727
-5.3943
-5.39641
-5.39351
-5.38431
-5.37422
-5.37111
-5.37821
-5.39577
-5.42135
-5.45478
-5.48623
-5.51406
-5.53103
-5.53839
-5.53763
-5.53061
-5.51559
-5.48348
-5.42539
-5.33884
-5.24325
-5.15674
-5.10604
-5.10289
-5.14003
-5.19929
-5.25556
-5.29353
-5.30625
-5.29889
-5.27276
-5.24215
-5.22664
-5.23424
-5.27087
-5.32411
-5.37899
-5.42478
-5.4428
-5.41914
-5.35109
-5.24653
-5.1323
-5.03373
-4.96716
-4.93747
-4.94151
-4.97276
-5.01549
-5.0669
-5.11607
-5.1619
-5.20061
-5.23913
-5.28531
-5.33515
-5.39114
-5.44473
-5.48225
-5.48944
-5.46103
-5.3945
-5.29106
-5.17267
-5.06012
-4.97475
-4.9237
-4.9169
-4.95539
-5.03274
-5.14086
-5.26145
-5.37076
-5.45861
-5.51657
-5.54796
-5.552
-5.53557
-5.5005
-5.45292
-5.39439
-5.33972
-5.294
-5.26102
-5.23758
-5.22334
-5.20438
-5.17346
-5.13416
-5.09488
-5.05542
-5.01533
-4.97384
-4.94356
-4.94069
-4.96804
-5.02496
-5.09945
-5.18024
-5.26198
-5.34351
-5.41897
-5.47757
-5.50527
-5.49191
-5.44078
-5.3561
-5.26578
-5.19351
-5.16452
-5.18058
-5.24235
-5.32885
-5.42292
-5.5061
-5.56134
-5.58217
-5.57137
-5.53744
-5.4859
-5.43146
-5.37511
-5.31856
-5.26685
-5.23821
-5.24176
-5.26037
-5.2786
-5.27716
-5.24687
-5.19866
-5.14192
-5.0988
-5.08277
-5.09261
-5.11495
-5.14087
-5.16565
-5.19032
-5.21528
-5.24197
-5.26222
-5.27009
-5.26323
-5.24857
-5.22497
-5.195
-5.15998
-5.11692
-5.06642
-5.0153
-4.97397
-4.94824
-4.94013
-4.94615
-4.9637
-5.00607
-5.07475
-5.16164
-5.25278
-5.33482
-5.39068
-5.41826
-5.42898
-5.42417
-5.41093
-5.39836
-5.37684
-5.34316
-5.29603
-5.25465
-5.22416
-5.22122
-5.2323
-5.24638
-5.25954
-5.27361
-5.29541
-5.32681
-5.35306
-5.36536
-5.35279
-5.33268
-5.31932
-5.32277
-5.34058
-5.36575
-5.39381
-5.41685
-5.43052
-5.42387
-5.39033
-5.33373
-5.25321
-5.16378
-5.07126
-4.99457
-4.95396
-4.95808
-4.99477
-5.05093
-5.11411
-5.17752
-5.23336
-5.28648
-5.33497
-5.36864
-5.38533
-5.38515
-5.37632
-5.36624
-5.3542
-5.3415
-5.3172
-5.28313
-5.23311
-5.17374
-5.11366
-5.08036
-5.08656
-5.13031
-5.20015
-5.2769
-5.35319
-5.42264
-5.48172
-5.52058
-5.53525
-5.53033
-5.50585
-5.46217
-5.39985
-5.33308
-5.27957
-5.24619
-5.23136
-5.23402
-5.24624
-5.25795
-5.26336
-5.25346
-5.22771
-5.19919
-5.183
-5.19362
-5.22105
-5.24941
-5.2617
-5.26282
-5.27151
-5.30084
-5.35418
-5.42072
-5.48048
-5.51324
-5.50705
-5.46076
-5.3787
-5.27315
-5.1665
-5.08374
-5.03245
-5.01476
-5.01862
-5.04057
-5.07593
-5.12692
-5.19425
-5.27533
-5.37013
-5.46447
-5.54648
-5.60087
-5.61736
-5.58713
-5.50409
-5.37092
-5.21421
-5.07082
-4.97439
-4.90817
-4.85792
-4.83541
-4.86832
-4.96467
-5.09342
-5.2184
-5.31831
-5.39332
-5.43916
-5.45161
-5.43687
-5.40271
-5.3543
-5.29346
-5.23399
-5.19487
-5.19036
-5.21794
-5.26607
-5.31865
-5.36449
-5.39143
-5.39423
-5.38035
-5.36195
-5.3511
-5.35551
-5.37795
-5.40026
-5.40972
-5.40533
-5.38874
-5.36921
-5.36581
-5.38272
-5.41953
-5.45759
-5.49034
-5.50673
-5.49802
-5.47152
-5.42487
-5.35743
-5.27911
-5.21147
-5.15718
-5.11972
-5.09056
-5.06971
-5.06051
-5.06684
-5.08393
-5.10542
-5.12227
-5.12844
-5.11732
-5.0908
-5.06017
-5.02709
-4.99959
-4.98815
-4.99199
-5.01971
-5.0593
-5.10709
-5.15571
-5.19851
-5.23261
-5.25772
-5.2768
-5.29631
-5.32447
-5.37067
-5.44065
-5.52795
-5.60847
-5.66753
-5.68924
-5.68056
-5.64204
-5.57267
-5.48148
-5.38584
-5.30995
-5.2672
-5.26436
-5.29225
-5.33175
-5.37546
-5.40268
-5.4091
-5.39212
-5.35501
-5.31016
-5.27128
-5.24733
-5.2357
-5.22396
-5.20901
-5.18879
-5.17736
-5.19026
-5.22863
-5.28671
-5.34458
-5.38615
-5.39815
-5.38438
-5.35525
-5.32392
-5.30379
-5.29739
-5.29108
-5.27155
-5.22585
-5.16134
-5.09328
-5.04135
-5.02168
-5.04072
-5.09864
-5.17949
-5.26626
-5.34201
-5.40118
-5.43342
-5.44285
-5.4371
-5.43425
-5.43824
-5.44539
-5.44553
-5.42384
-5.38464
-5.3379
-5.29922
-5.26884
-5.2439
-5.22638
-5.21233
-5.19762
-5.19341
-5.1894
-5.18713
-5.18178
-5.18299
-5.20332
-5.25056
-5.32493
-5.40844
-5.47803
-5.51236
-5.5071
-5.4791
-5.44331
-5.41118
-5.39354
-5.38899
-5.38099
-5.3657
-5.35182
-5.36215
-5.39863
-5.44099
-5.46887
-5.47531
-5.45943
-5.42448
-5.37552
-5.32916
-5.29179
-5.26689
-5.25549
-5.23809
-5.20191
-5.13922
-5.05325
-4.97182
-4.93028
-4.96174
-5.0726
-5.23153
-5.38134
-5.48694
-5.54176
-5.54719
-5.51505
-5.45229
-5.36888
-5.29017
-5.23192
-5.18654
-5.14314
-5.1022
-5.07575
-5.07571
-5.09608
-5.13409
-5.17481
-5.2023
-5.2119
-5.20163
-5.18386
-5.17316
-5.17026
-5.17361
-5.18178
-5.19449
-5.21535
-5.24372
-5.27198
-5.30363
-5.32946
-5.34594
-5.34869
-5.33192
-5.29879
-5.25646
-5.22982
-5.23193
-5.26752
-5.31898
-5.36147
-5.3833
-5.38056
-5.35515
-5.32036
-5.29194
-5.27884
-5.29452
-5.34403
-5.41984
-5.50133
-5.56651
-5.60214
-5.60485
-5.58155
-5.5438
-5.50354
-5.46308
-5.42262
-5.37977
-5.32612
-5.25752
-5.1779
-5.09661
-5.02897
-4.98452
-4.95966
-4.94236
-4.91528
-4.87026
-4.82093
-4.78083
-4.76981
-4.80163
-4.87163
-4.9713
-5.08458
-5.19921
-5.30019
-5.37587
-5.4207
-5.4263
-5.40499
-5.3699
-5.35109
-5.35437
-5.36986
-5.38128
-5.38402
-5.37192
-5.34725
-5.31468
-5.27747
-5.24522
-5.22703
-5.2334
-5.24949
-5.25906
-5.25623
-5.24963
-5.2545
-5.26873
-5.28935
-5.30497
-5.30995
-5.31129
-5.31871
-5.33879
-5.3705
-5.40825
-5.43626
-5.4435
-5.43131
-5.40547
-5.37107
-5.32988
-5.27856
-5.22364
-5.18231
-5.16181
-5.17026
-5.20052
-5.2519
-5.30369
-5.34447
-5.36947
-5.38019
-5.3909
-5.40514
-5.41248
-5.39654
-5.36179
-5.3216
-5.29205
-5.28929
-5.31936
-5.35828
-5.38731
-5.39239
-5.36514
-5.30263
-5.20945
-5.10407
-5.01462
-4.9725
-5.00271
-5.10033
-5.24166
-5.38053
-5.4859
-5.53044
-5.51136
-5.43886
-5.33975
-5.2485
-5.18911
-5.18334
-5.21897
-5.28636
-5.35907
-5.42381
-5.46671
-5.48506
-5.48082
-5.45596
-5.40892
-5.35109
-5.28298
-5.21755
-5.16676
-5.13418
-5.13002
-5.13963
-5.15445
-5.17406
-5.19327
-5.20884
-5.2029
-5.17717
-5.14216
-5.1122
-5.09441
-5.08676
-5.09112
-5.09308
-5.08243
-5.07276
-5.07458
-5.10595
-5.17169
-5.25857
-5.35415
-5.44483
-5.52499
-5.59567
-5.65298
-5.69528
-5.7183
-5.71101
-5.67229
-5.60799
-5.52145
-5.42623
-5.33105
-5.25285
-5.22018
-5.24017
-5.2974
-5.35127
-5.37691
-5.36419
-5.3234
-5.28207
-5.25236
-5.23119
-5.21808
-5.20639
-5.20196
-5.20307
-5.20883
-5.21692
-5.23491
-5.26264
-5.28253
-5.28823
-5.27673
-5.24794
-5.20951
-5.17787
-5.16784
-5.18604
-5.22195
-5.26094
-5.29961
-5.32937
-5.34192
