-2.47075
-2.4701
-2.46914
-2.46688
-2.46526
-2.46331
-2.46523
-2.46521
-2.46326
-2.46391
-2.4649
-2.46621
-2.46752
-2.46849
-2.46816
-2.46848
-2.47074
-2.47138
-2.47073
-2.46976
-2.47138
-2.47171
-2.46881
-2.46849
-2.46558
-2.4633
-2.46233
-2.46556
-2.46653
-2.46393
-2.46588
-2.46686
-2.46816
-2.46978
-2.4688
-2.46459
-2.4633
-2.46298
-2.46234
-2.4604
-2.46233
-2.46103
-2.46394
-2.46426
-2.46264
-2.46005
-2.462
-2.45909
-2.45779
-2.45812
-2.46136
-2.46007
-2.4617
-2.4617
-2.46039
-2.4607
-2.46037
-2.46167
-2.46297
-2.46491
-2.46459
-2.46459
-2.46298
-2.4646
-2.46622
-2.46461
-2.4672
-2.47011
-2.46912
-2.46815
-2.46621
-2.46461
-2.46623
-2.46623
-2.4672
-2.46721
-2.46593
-2.46786
-2.46428
-2.46427
-2.46555
-2.46749
-2.46814
-2.46847
-2.46816
-2.4672
-2.46591
-2.4659
-2.46589
-2.46556
-2.46652
-2.46686
-2.46655
-2.46558
-2.46785
-2.46882
-2.46623
-2.47011
-2.47107
-2.46945
-2.4701
-2.46914
-2.46883
-2.46754
-2.46655
-2.4672
-2.4659
-2.46267
-2.4617
-2.46203
-2.4604
-2.4591
-2.45941
-2.46102
-2.46167
-2.46394
-2.46622
-2.46785
-2.46817
-2.46753
-2.46851
-2.4685
-2.46816
-2.46945
-2.46976
-2.4691
-2.46878
-2.46782
-2.46427
-2.46428
-2.46589
-2.46686
-2.4646
-2.46201
-2.46169
-2.46071
-2.4607
-2.46199
-2.4649
-2.46718
-2.46849
-2.4685
-2.47045
-2.4698
-2.47076
-2.4714
-2.46944
-2.46716
-2.46877
-2.46685
-2.46816
-2.47012
-2.47207
-2.47466
-2.47335
-2.47593
-2.47592
-2.47623
-2.47461
-2.4717
-2.46977
-2.47075
-2.47141
-2.47077
-2.47109
-2.46752
-2.46816
-2.46687
-2.46817
-2.46687
-2.46654
-2.46556
-2.4675
-2.46977
-2.46783
-2.46622
-2.4659
-2.46591
-2.47045
-2.47174
-2.4685
-2.46785
-2.46589
-2.46718
-2.46945
-2.4688
-2.46848
-2.46945
-2.46978
-2.46816
-2.46914
-2.47109
-2.47109
-2.47077
-2.47078
-2.47078
-2.47078
-2.47045
-2.46849
-2.46589
-2.46588
-2.46556
-2.4646
-2.46332
-2.46235
-2.45944
-2.46203
-2.46398
-2.46464
-2.46626
-2.46982
-2.46884
-2.46818
-2.46947
-2.46753
-2.46689
-2.46721
-2.46721
-2.46753
-2.46558
-2.46397
-2.46365
-2.46301
-2.46431
-2.46237
-2.45977
-2.45847
-2.45944
-2.46398
-2.46333
-2.4656
-2.46592
-2.46625
-2.46431
-2.46593
-2.46658
-2.46431
-2.46592
-2.46786
-2.47207
-2.47336
-2.47045
-2.47014
-2.47046
-2.47111
-2.46852
-2.46851
-2.46882
-2.47108
-2.46915
-2.47111
-2.46886
-2.46951
-2.46918
-2.46819
-2.46817
-2.4672
-2.46687
-2.46979
-2.47012
-2.4669
-2.46561
-2.46723
-2.46852
-2.46689
-2.46623
-2.46785
-2.47012
-2.47013
-2.46851
-2.46948
-2.47013
-2.47077
-2.47045
-2.47336
-2.47369
-2.47305
-2.47337
-2.47272
-2.47336
-2.47368
-2.47142
-2.46818
-2.4698
-2.47142
-2.46883
-2.46559
-2.46397
-2.46397
-2.46592
-2.46656
-2.46656
-2.4685
-2.46786
-2.46884
-2.46916
-2.47014
-2.47014
-2.4711
-2.46916
-2.47013
-2.47207
-2.47142
-2.47077
-2.4711
-2.46917
-2.46949
-2.46787
-2.46948
-2.46721
-2.46527
-2.463
-2.46171
-2.46172
-2.46269
-2.46335
-2.46463
-2.46494
-2.46557
-2.46881
-2.46817
-2.4698
-2.47078
-2.47047
-2.46852
-2.46917
-2.46981
-2.46916
-2.46884
-2.47014
-2.46949
-2.46786
-2.46817
-2.46817
-2.47012
-2.47142
-2.47175
-2.4711
-2.46948
-2.46949
-2.47143
-2.47208
-2.47273
-2.47208
-2.4711
-2.46916
-2.46883
-2.46883
-2.46948
-2.47045
-2.47045
-2.47012
-2.46884
-2.47014
-2.47208
-2.4711
-2.47142
-2.46947
-2.46947
-2.46819
-2.46625
-2.4682
-2.46724
-2.46789
-2.46821
-2.47015
-2.47046
-2.47142
-2.46786
-2.47078
-2.47046
-2.47046
-2.47078
-2.46981
-2.46917
-2.46593
-2.46529
-2.46465
-2.46432
-2.46432
-2.46528
-2.46657
-2.4669
-2.47144
-2.47209
-2.47079
-2.47111
-2.47111
-2.47013
-2.47271
-2.47271
-2.47046
-2.46982
-2.47176
-2.47079
-2.46754
-2.46397
-2.4643
-2.46689
-2.46495
-2.46593
-2.46528
-2.46302
-2.46107
-2.46172
-2.46009
-2.46235
-2.46138
-2.46107
-2.4601
-2.46108
-2.4627
-2.46464
-2.46366
-2.46462
-2.46396
-2.4659
-2.46493
-2.46494
-2.46398
-2.46367
-2.46172
-2.46172
-2.46268
-2.46073
-2.46171
-2.46236
-2.46529
-2.46529
-2.46464
-2.4656
-2.46526
-2.4646
-2.46525
-2.46689
-2.46561
-2.46206
-2.46141
-2.46172
-2.46203
-2.46202
-2.46137
-2.46008
-2.4604
-2.45976
-2.46139
-2.46431
-2.46658
-2.46528
-2.46916
-2.46851
-2.46526
-2.46267
-2.46267
-2.46364
-2.46397
-2.46461
-2.4659
-2.46461
-2.46235
-2.46364
-2.46559
-2.46624
-2.4669
-2.46691
-2.46659
-2.46529
-2.46463
-2.46267
-2.46363
-2.46428
-2.46525
-2.46623
-2.46786
-2.46754
-2.46851
-2.46787
-2.46852
-2.4682
-2.4695
-2.46593
-2.46657
-2.46624
-2.46752
-2.46719
-2.46622
-2.46655
-2.46688
-2.46624
-2.46754
-2.46657
-2.46722
-2.46593
-2.4656
-2.46592
-2.4643
-2.46267
-2.46364
-2.46429
-2.46463
-2.46496
-2.46367
-2.46172
-2.46106
-2.46203
-2.463
-2.46494
-2.46559
-2.46722
-2.46495
-2.46528
-2.4656
-2.46592
-2.463
-2.46332
-2.46429
-2.46526
-2.46494
-2.46332
-2.46234
-2.46137
-2.46266
-2.46104
-2.46267
-2.46462
-2.46334
-2.46497
-2.4627
-2.46237
-2.46139
-2.46267
-2.46331
-2.46622
-2.46429
-2.463
-2.46139
-2.46107
-2.46042
-2.4601
-2.45978
-2.45946
-2.45882
-2.45847
-2.45844
-2.4594
-2.45975
-2.46268
-2.46528
-2.46527
-2.4643
-2.46527
-2.46624
-2.46981
-2.46916
-2.47013
-2.47013
-2.47045
-2.4672
-2.46785
-2.46753
-2.46494
-2.46495
-2.46787
-2.47047
-2.4708
-2.47112
-2.47078
-2.47238
-2.47075
-2.47011
-2.46817
-2.46883
-2.4682
-2.46821
-2.46885
-2.47047
-2.46917
-2.4711
-2.47335
-2.47075
-2.46913
-2.46849
-2.46785
-2.46688
-2.46882
-2.46688
-2.46819
-2.46819
-2.47046
-2.47208
-2.47078
-2.47012
-2.46947
-2.4672
-2.46655
-2.46495
-2.46496
-2.46431
-2.46786
-2.46979
-2.46721
-2.46819
-2.4682
-2.46852
-2.46917
-2.47047
-2.46982
-2.46755
-2.46981
-2.46754
-2.46721
-2.46526
-2.46591
-2.46463
-2.46495
-2.46625
-2.46528
-2.46269
-2.46593
-2.46723
-2.46755
-2.46852
-2.46917
-2.4682
-2.47048
-2.46854
-2.46983
-2.4695
-2.46917
-2.46918
-2.46788
-2.46659
-2.46755
-2.46948
-2.46948
-2.46851
-2.46755
-2.46789
-2.46757
-2.46887
-2.46886
-2.46918
-2.47047
-2.4711
-2.47336
-2.47368
-2.47142
-2.47272
-2.47403
-2.47435
-2.475
-2.47597
-2.47532
-2.47564
-2.47532
-2.47434
-2.47467
-2.47759
-2.47565
-2.47694
-2.47597
-2.47694
-2.47662
-2.47726
-2.47466
-2.47595
-2.47725
-2.47595
-2.47661
-2.47661
-2.47726
-2.47921
-2.47792
-2.47889
-2.4763
-2.47857
-2.47888
-2.48017
-2.48016
-2.47983
-2.47984
-2.47823
-2.47856
-2.47728
-2.47534
-2.47761
-2.48021
-2.48149
-2.47921
-2.47887
-2.47886
-2.47822
-2.47629
-2.47468
-2.47372
-2.4708
-2.47015
-2.47436
-2.47306
-2.47306
-2.47306
-2.47403
-2.47112
-2.47112
-2.47112
-2.4711
-2.47272
-2.46981
-2.46851
-2.46755
-2.46399
-2.46302
-2.46561
-2.46593
-2.46496
-2.46432
-2.4627
-2.4627
-2.46205
-2.46366
-2.46365
-2.4643
-2.46397
-2.46365
-2.46494
-2.4643
-2.46301
-2.4627
-2.46173
-2.45849
-2.46107
-2.46333
-2.46429
-2.46494
-2.46493
-2.46364
-2.46526
-2.46559
-2.46495
-2.46301
-2.46139
-2.46398
-2.46463
-2.46625
-2.46787
-2.46754
-2.46753
-2.46785
-2.46591
-2.46722
-2.46755
-2.46658
-2.46625
-2.46592
-2.46883
-2.46915
-2.46786
-2.46593
-2.46528
-2.46722
-2.46657
-2.46656
-2.46558
-2.46946
-2.46915
-2.46851
-2.46754
-2.46981
-2.47045
-2.47174
-2.47271
-2.47142
-2.47046
-2.46851
-2.46754
-2.4685
-2.47012
-2.4685
-2.46655
-2.4672
-2.46656
-2.4643
-2.46431
-2.46561
-2.46496
-2.46269
-2.46398
-2.46429
-2.46557
-2.46459
-2.46427
-2.46267
-2.46365
-2.46399
-2.46432
-2.46335
-2.46334
-2.4617
-2.46266
-2.46559
-2.46464
-2.46594
-2.46561
-2.46689
-2.46655
-2.46687
-2.46881
-2.46849
-2.47012
-2.46883
-2.46916
-2.4669
-2.46657
-2.46689
-2.46884
-2.46948
-2.46981
-2.46916
-2.46915
-2.4685
-2.46914
-2.46784
-2.46655
-2.46623
-2.46819
-2.46755
-2.46949
-2.46852
-2.46948
-2.46786
-2.47108
-2.46849
-2.46752
-2.46786
-2.46624
-2.46753
-2.47109
-2.47078
-2.46917
-2.46691
-2.46626
-2.46431
-2.46431
-2.46464
-2.46205
-2.45944
-2.4578
-2.45944
-2.46011
-2.45947
-2.45947
-2.46043
-2.4627
-2.46011
-2.46205
-2.46173
-2.46237
-2.46074
-2.46138
-2.46268
-2.46624
-2.46592
-2.46819
-2.46819
-2.47046
-2.47144
-2.47144
-2.47176
-2.46755
-2.46787
-2.46722
-2.46916
-2.46883
-2.46981
-2.46754
-2.46689
-2.46495
-2.46496
-2.46626
-2.46466
-2.46239
-2.46464
-2.46203
-2.46138
-2.46009
-2.45913
-2.46302
-2.46561
-2.46173
-2.46076
-2.45979
-2.46237
-2.46171
-2.46494
-2.46688
-2.46495
-2.4669
-2.4627
-2.46432
-2.46399
-2.46366
-2.46268
-2.46171
-2.46106
-2.4643
-2.46495
-2.46594
-2.46627
-2.46757
-2.46982
-2.4724
-2.47272
-2.47435
-2.47274
-2.47404
-2.47435
-2.47337
-2.47272
-2.47175
-2.47012
-2.47336
-2.4724
-2.47242
-2.47145
-2.47015
-2.46756
-2.46852
-2.46852
-2.46883
-2.46915
-2.46947
-2.47012
-2.46786
-2.46753
-2.46656
-2.46527
-2.46366
-2.46497
-2.46627
-2.46821
-2.46983
-2.46885
-2.46851
-2.47077
-2.4698
-2.46884
-2.46821
-2.46724
-2.46593
-2.46981
-2.46916
-2.46915
-2.46947
-2.47175
-2.47046
-2.47015
-2.47144
-2.47111
-2.47208
-2.47208
-2.47273
-2.47404
-2.476
-2.47439
-2.47439
-2.47373
-2.47372
-2.47597
-2.47694
-2.4763
-2.47663
-2.47695
-2.47502
-2.47666
-2.47538
-2.47472
-2.47276
-2.47016
-2.47306
-2.47435
-2.47402
-2.47501
-2.47502
-2.47599
-2.47437
-2.4734
-2.47534
-2.47308
-2.47146
-2.46983
-2.47048
-2.47048
-2.47015
-2.47144
-2.47079
-2.46885
-2.46594
-2.46562
-2.46822
-2.4666
-2.46536
-2.46407
-2.46569
-2.46731
-2.46439
-2.46147
-2.46016
-2.45854
-2.45984
-2.45888
-2.4618
-2.4644
-2.46538
-2.46377
-2.46182
-2.46214
-2.46018
-2.4592
-2.46049
-2.46471
-2.46472
-2.4657
-2.46894
-2.46764
-2.46958
-2.46924
-2.46988
-2.47216
-2.47216
-2.47055
-2.47249
-2.4699
-2.46892
-2.46827
-2.47118
-2.4715
-2.46988
-2.4715
-2.46989
-2.46827
-2.46763
-2.46859
-2.46827
-2.46827
-2.46633
-2.46731
-2.46601
-2.46665
-2.46859
-2.46891
-2.46665
-2.46859
-2.46924
-2.46891
-2.47021
-2.47216
-2.47313
-2.47021
-2.46989
-2.4686
-2.46796
-2.4686
-2.46924
-2.46729
-2.46405
-2.46405
-2.46373
-2.466
-2.4673
-2.46342
-2.46537
-2.46472
-2.46375
-2.46051
-2.46246
-2.46474
-2.46538
-2.46699
-2.46536
-2.46698
-2.46731
-2.46798
-2.46572
-2.46442
-2.46019
-2.45953
-2.46082
-2.46244
-2.46148
-2.46149
-2.46246
-2.46504
-2.46439
-2.46278
-2.46376
-2.46408
-2.46473
-2.46441
-2.46636
-2.46604
-2.46669
-2.46765
-2.46602
-2.46568
-2.46567
-2.46535
-2.46406
-2.46408
-2.46247
-2.46377
-2.46183
-2.46506
-2.46537
-2.46634
-2.46601
-2.46504
-2.46408
-2.46473
-2.46441
-2.46343
-2.46148
-2.45953
-2.46341
-2.46439
-2.46277
-2.46213
-2.46245
-2.4644
-2.46375
-2.4631
-2.46245
-2.46342
-2.46537
-2.46505
-2.46764
-2.46959
-2.46894
-2.4712
-2.46958
-2.46958
-2.46699
-2.46635
-2.46926
-2.46603
-2.46214
-2.46278
-2.46408
-2.4631
-2.46278
-2.46536
-2.46633
-2.46633
-2.47022
-2.47022
-2.47216
-2.47313
-2.47185
-2.47251
-2.47026
-2.4667
-2.46702
-2.46799
-2.46668
-2.46666
-2.46599
-2.46599
-2.46762
-2.4699
-2.46732
-2.46798
-2.46766
-2.46637
-2.46573
-2.46638
-2.46605
-2.46538
-2.46439
-2.46341
-2.4644
-2.46376
-2.46442
-2.46541
-2.46444
-2.46507
-2.46538
-2.46472
-2.46538
-2.46344
-2.46604
-2.46766
-2.46733
-2.467
-2.46733
-2.46797
-2.46926
-2.4699
-2.46828
-2.46927
-2.46896
-2.46896
-2.46733
-2.46571
-2.46732
-2.46278
-2.46278
-2.46277
-2.46277
-2.46407
-2.46278
-2.46408
-2.4644
-2.46505
-2.46634
-2.46925
-2.46731
-2.46537
-2.46603
-2.46862
-2.4683
-2.46733
-2.46538
-2.46342
-2.46374
-2.46635
-2.46572
-2.46733
-2.46991
-2.47088
-2.47023
-2.46926
-2.46926
-2.46764
-2.46828
-2.46925
-2.46699
-2.46602
-2.46668
-2.46603
-2.46765
-2.46862
-2.4683
-2.46765
-2.46538
-2.46603
-2.46409
-2.46538
-2.46376
-2.46246
-2.46279
-2.46441
-2.46376
-2.46505
-2.46569
-2.46927
-2.46993
-2.46832
-2.4667
-2.46669
-2.46701
-2.46829
-2.47184
-2.47249
-2.47573
-2.47736
-2.47705
-2.47867
-2.47867
-2.4764
-2.47543
-2.47317
-2.47317
-2.47218
-2.47249
-2.47248
-2.47314
-2.47186
-2.4709
-2.4709
-2.46862
-2.46862
-2.46667
-2.46829
-2.47152
-2.47185
-2.46992
-2.47122
-2.46992
-2.46927
-2.46894
-2.4699
-2.46634
-2.46602
-2.46635
-2.46667
-2.4657
-2.46408
-2.46311
-2.4631
-2.46601
-2.46569
-2.46505
-2.46343
-2.46311
-2.46375
-2.4631
-2.46213
-2.46213
-2.46245
-2.4631
-2.46278
-2.46408
-2.46246
-2.46279
-2.46246
-2.46311
-2.46343
-2.46343
-2.46441
-2.46539
-2.46572
-2.46377
-2.467
-2.46892
-2.46988
-2.46957
-2.46828
-2.46797
-2.46669
-2.46669
-2.46636
-2.46701
-2.46441
-2.46343
-2.46666
-2.46698
-2.46827
-2.46828
-2.46635
-2.46668
-2.46702
-2.46767
-2.46993
-2.47024
-2.47152
-2.4728
-2.4728
-2.47151
-2.47119
-2.47508
-2.47606
-2.47801
-2.47704
-2.47768
-2.47671
-2.47638
-2.47832
-2.47573
-2.47477
-2.47574
-2.4764
-2.47381
-2.4722
-2.47284
-2.47089
-2.4712
-2.47151
-2.4728
-2.47022
-2.46957
-2.47119
-2.47087
-2.47088
-2.47186
-2.47058
-2.4709
-2.46961
-2.46928
-2.46669
-2.46604
-2.46572
-2.46701
-2.46474
-2.46539
-2.46635
-2.467
-2.46506
-2.46669
-2.46701
-2.46475
-2.46248
-2.46344
-2.46442
-2.46572
-2.46539
-2.46635
-2.46958
-2.46925
-2.46926
-2.46991
-2.47024
-2.46959
-2.46894
-2.46798
-2.46702
-2.46573
-2.46412
-2.46638
-2.46539
-2.46667
-2.46634
-2.46731
-2.46343
-2.46279
-2.46054
-2.45958
-2.46218
-2.46477
-2.46509
-2.46509
-2.46702
-2.4654
-2.46572
-2.46605
-2.46734
-2.46701
-2.46797
-2.47089
-2.46994
-2.47157
-2.47319
-2.47156
-2.47284
-2.47186
-2.47121
-2.47056
-2.4696
-2.46702
-2.46573
-2.4654
-2.46573
-2.46541
-2.46735
-2.46865
-2.4693
-2.46865
-2.47059
-2.47026
-2.46929
-2.47059
-2.47221
-2.47188
-2.46961
-2.46799
-2.46734
-2.46831
-2.46896
-2.46572
-2.46669
-2.46895
-2.46897
-2.46801
-2.47028
-2.46996
-2.46768
-2.47059
-2.47156
-2.46929
-2.46995
-2.46833
-2.46736
-2.46444
-2.46637
-2.46281
-2.46476
-2.46574
-2.46542
-2.46542
-2.46509
-2.46477
-2.46607
-2.46511
-2.46706
-2.4651
-2.46574
-2.46638
-2.468
-2.47028
-2.4719
-2.47287
-2.47093
-2.47061
-2.47029
-2.46868
-2.46933
-2.46674
-2.46835
-2.46867
-2.46866
-2.46865
-2.46931
-2.4677
-2.46705
-2.46835
-2.47158
-2.47029
-2.46964
-2.47094
-2.46965
-2.46835
-2.46738
-2.46866
-2.4706
-2.46867
-2.46867
-2.46609
-2.46609
-2.46382
-2.46382
-2.46283
-2.46605
-2.4667
-2.46315
-2.46154
-2.45992
-2.45992
-2.45992
-2.46154
-2.46154
-2.46025
-2.46187
-2.46413
-2.46672
-2.46704
-2.46735
-2.46897
-2.46929
-2.46768
-2.46833
-2.46898
-2.46737
-2.46802
-2.46964
-2.47028
-2.47059
-2.468
-2.46736
-2.46672
-2.46867
-2.46835
-2.46639
-2.46605
-2.46637
-2.468
-2.47027
-2.47158
-2.47094
-2.46933
-2.46933
-2.46997
-2.46931
-2.46832
-2.46994
-2.46929
-2.47027
-2.46963
-2.47092
-2.47157
-2.47254
-2.47318
-2.47189
-2.47352
-2.47353
-2.47353
-2.47257
-2.47225
-2.47193
-2.46999
-2.46545
-2.46348
-2.46152
-2.46509
-2.46511
-2.46414
-2.46509
-2.46605
-2.46639
-2.46641
-2.46707
-2.4648
-2.46513
-2.46642
-2.46545
-2.46512
-2.46642
-2.46868
-2.46835
-2.46769
-2.46768
-2.46865
-2.46801
-2.46705
-2.46641
-2.46836
-2.46934
-2.46675
-2.46383
-2.46285
-2.46349
-2.46413
-2.46803
-2.46771
-2.46383
-2.46286
-2.4635
-2.46219
-2.46218
-2.46089
-2.46381
-2.4635
-2.46447
-2.46512
-2.46189
-2.46318
-2.46544
-2.46479
-2.46284
-2.46672
-2.46736
-2.46866
-2.46834
-2.46769
-2.46672
-2.46736
-2.46737
-2.46705
-2.46673
-2.46868
-2.469
-2.4664
-2.46672
-2.4664
-2.46704
-2.4706
-2.4693
-2.47125
-2.47028
-2.4706
-2.47158
-2.47126
-2.46964
-2.46738
-2.46576
-2.46607
-2.46769
-2.46898
-2.46931
-2.46965
-2.46675
-2.46675
-2.46383
-2.4648
-2.46675
-2.46577
-2.46447
-2.4638
-2.46444
-2.46249
-2.46282
-2.46509
-2.46348
-2.46543
-2.46382
-2.4635
-2.46447
-2.46479
-2.46511
-2.46543
-2.4664
-2.46771
-2.46674
-2.46836
-2.46835
-2.46802
-2.46834
-2.46608
-2.46577
-2.4661
-2.46773
-2.46643
-2.46546
-2.46545
-2.46414
-2.46252
-2.46254
-2.46287
-2.46547
-2.46481
-2.46383
-2.46317
-2.46348
-2.46413
-2.46381
-2.4664
-2.46835
-2.46869
-2.46578
-2.46611
-2.46578
-2.46707
-2.46641
-2.46705
-2.46544
-2.46383
-2.46513
-2.46383
-2.46285
-2.46188
-2.46479
-2.46576
-2.46349
-2.46414
-2.46576
-2.46284
-2.46478
-2.46285
-2.46252
-2.46026
-2.4596
-2.46089
-2.46121
-2.46186
-2.46188
-2.46383
-2.46578
-2.46544
-2.46608
-2.46607
-2.46478
-2.4651
-2.4664
-2.46415
-2.46414
-2.46412
-2.46412
-2.46446
-2.46576
-2.46577
-2.46544
-2.46544
-2.46576
-2.46381
-2.46574
-2.46736
-2.46575
-2.4664
-2.46512
-2.46545
-2.46675
-2.46544
-2.46574
-2.46572
-2.46507
-2.46509
-2.46836
-2.46903
-2.46806
-2.46935
-2.46837
-2.46772
-2.46739
-2.46673
-2.46866
-2.46964
-2.46771
-2.46576
-2.46348
-2.46186
-2.46412
-2.4638
-2.46543
-2.46673
-2.46577
-2.46706
-2.46738
-2.46737
-2.46834
-2.46673
-2.46543
-2.4664
-2.46672
-2.46672
-2.46737
-2.46543
-2.46737
-2.46673
-2.46479
-2.4635
-2.46188
-2.46187
-2.45959
-2.46023
-2.45926
-2.46057
-2.46285
-2.46189
-2.46092
-2.46156
-2.46123
-2.46122
-2.46284
-2.46218
-2.4625
-2.46412
-2.4664
-2.46771
-2.46805
-2.4687
-2.46902
-2.46836
-2.46739
-2.46901
-2.46901
-2.46642
-2.46513
-2.46513
-2.46546
-2.46577
-2.46512
-2.46543
-2.46641
-2.46641
-2.4674
-2.4674
-2.46448
-2.46577
-2.46705
-2.46704
-2.4677
-2.46673
-2.46642
-2.4648
-2.46481
-2.46513
-2.46546
-2.4687
-2.46869
-2.46933
-2.46478
-2.4651
-2.46738
-2.46868
-2.46707
-2.46837
-2.46869
-2.46772
-2.46707
-2.46707
-2.469
-2.4677
-2.46771
-2.46772
-2.46901
-2.46901
-2.46673
-2.46705
-2.46576
-2.46641
-2.46609
-2.46317
-2.46122
-2.46121
-2.46186
-2.46155
-2.4635
-2.46512
-2.46448
-2.46318
-2.46123
-2.45994
-2.46221
-2.46382
-2.46284
-2.46381
-2.46381
-2.46607
-2.46446
-2.46641
-2.46577
-2.46609
-2.46933
-2.47029
-2.47061
-2.47095
-2.47193
-2.46901
-2.46706
-2.46704
-2.46573
-2.46347
-2.46574
-2.46446
-2.46221
-2.46124
-2.46221
-2.4648
-2.46738
-2.46931
-2.46832
-2.46475
-2.46378
-2.4625
-2.46414
-2.46319
-2.46547
-2.46579
-2.46578
-2.46382
-2.46186
-2.46314
-2.46313
-2.46734
-2.46541
-2.46542
-2.46414
-2.46608
-2.46641
-2.46576
-2.46641
-2.46803
-2.46511
-2.46479
-2.46284
-2.46381
-2.46672
-2.46445
-2.46737
-2.46899
-2.46802
-2.46705
-2.46447
-2.46674
-2.46675
-2.46642
-2.46479
-2.46382
-2.46414
-2.46155
-2.46124
-2.4606
-2.4593
-2.46317
-2.46219
-2.46057
-2.46251
-2.46317
-2.4635
-2.46253
-2.46155
-2.46317
-2.46349
-2.46317
-2.46382
-2.46188
-2.46026
-2.46187
-2.46155
-2.46284
-2.46413
-2.46443
-2.46605
-2.46444
-2.46544
-2.46481
-2.46547
-2.46578
-2.4635
-2.46382
-2.46544
-2.46544
-2.46706
-2.46446
-2.46317
-2.46285
-2.46415
-2.46317
-2.46415
-2.46836
-2.46739
-2.46545
-2.4648
-2.46415
-2.46317
-2.46316
-2.46315
-2.46445
-2.46446
-2.46122
-2.4609
-2.46155
-2.45993
