0.202702   0.441221   0.0392179
-0.409339   0.380697   0.270748
0.370801   -0.311868   -0.00504275
0.425211   0.384994   0.40175
0.44812   0.450656   -0.170064
0.36951   -0.443078   -0.003431
0.170546   -0.305634   0.329178
-0.024994   0.255281   0.110443
0.433688   0.256332   0.140098
0.250623   -0.0814854   0.244185
-0.462099   0.0804286   0.324618
-0.00105286   -0.0497404   0.123655
0.232314   -0.378629   -0.152237
0.339363   -0.0440992   -0.404908
0.40247   0.0891076   0.267034
0.0514992   -0.132254   -0.0953872
-0.381878   -0.268438   -0.182462
0.0751865   -0.42301   -0.0323783
0.281776   -0.249371   -0.232693
0.024232   -0.348532   0.0107555
0.0751126   -0.318454   0.0919053
0.169631   0.49951   -0.219952
-0.0802234   0.111259   -0.253375
0.0121505   -0.407444   0.485476
0.367837   -0.176867   0.11481
-0.055294   -0.282656   -0.115689
-0.325417   0.175339   -0.0417709
-0.156243   -0.022099   -0.0570431
0.106902   -0.0783775   0.00708609
0.341298   0.218925   -0.302624
-0.21059   -0.472574   -0.108836
0.274041   0.346771   0.0760863
-0.312211   -0.334639   -0.0112299
-0.494816   -0.259956   -0.00277487
-0.347705   -0.364853   0.170223
-0.20789   0.421542   -0.055153
-0.30026   0.47934   -0.0376989
-0.0861801   0.49511   0.276798
0.402105   -0.46122   -0.445055
0.127442   -0.467255   -0.434994
-0.292805   0.23602   0.1775
0.277762   -0.365265   -0.445727
-0.385324   0.185935   0.0144845
-0.253152   0.434989   -0.126788
0.288249   -0.158499   -0.00248573
-0.228047   0.0923123   0.458255
-0.0573948   0.351502   -0.0527686
-0.111065   -0.0785488   0.166133
-0.133319   -0.397273   -0.130421
0.420332   -0.469761   0.130113
0.416915   -0.0120003   -0.378841
0.09471   0.0328824   -0.304244
-0.417683   -0.420531   0.173969
-0.0100468   0.452554   0.209465
0.278095   -0.481151   -0.049607
0.20044   0.0747557   -0.127912
0.093748   -0.296277   0.446076
0.216308   -0.335731   -0.0568599
-0.16673   0.156188   0.128659
-0.32695   -0.400069   0.0464925
-0.0218438   -0.0120283   -0.164558
0.179857   -0.391277   0.000339785
0.33536   0.332636   0.153048
-0.24763   -0.391386   -0.260511
0.0184524   -0.24548   0.00053262
0.497511   -0.33385   -0.140631
-0.426869   -0.0267044   -0.0300977
0.0381274   -0.152194   -0.260205
-0.397003   -0.40044   -0.00769015
-0.169456   0.217065   -0.496892
-0.124152   0.498264   0.158264
-0.312227   -0.442068   0.126817
0.151758   0.183968   -0.0843739
0.0495297   -0.418697   -0.343385
-0.257543   -0.310244   -0.418658
-0.380608   0.303876   -0.0425381
0.439878   0.110821   0.166335
-0.332192   -0.0279988   0.462633
0.153311   0.37598   0.261781
-0.105927   -0.379864   0.165845
0.208917   -0.387344   -0.277976
0.442542   0.273385   -0.495141
0.39416   0.182123   0.225195
0.242478   -0.13914   -0.335527
0.292131   -0.432004   -0.264816
0.3504   -0.393313   -0.496951
-0.421415   0.151899   0.387469
0.286671   -0.471127   -0.189393
0.13817   -0.356473   -0.123399
-0.498513   0.0612973   0.486599
0.141824   0.483935   0.150139
0.41094   0.165704   0.304907
0.458961   -0.156258   0.43073
-0.185492   -0.219267   0.101572
0.0890641   0.0535837   0.0666973
-0.129991   -0.165548   0.17697
-0.487067   -0.126931   -0.327994
-0.418486   -0.150045   -0.318247
0.422564   0.426437   0.25172
-0.279936   -0.294919   -0.234359
-0.458718   -0.279588   -0.204858
-0.287196   0.331282   -0.127374
-0.17054   -0.414791   -0.214228
0.0189764   0.329839   -0.169329
-0.051543   0.407728   0.259589
-0.276424   -0.265883   0.0518874
0.319376   -0.383157   -0.0132989
-0.222347   0.34987   -0.0823771