6.76065 10.7157
6.34872 10.4239
6.34872 10.1904
5.8631 9.78891
5.8631 9.54031
5.86141 9.30831
5.82172 9.02489
5.86141 8.84643
5.66139 8.30587
5.66139 8.0688
5.43097 7.71108
5.31466 7.46695
5.31466 7.20846
5.31466 7.01922
5.38429 6.93418
5.36247 6.82241
5.15904 6.7143
5.15904 6.69155
5.04566 6.55259
5.04566 6.53515
4.87405 6.4511
4.74446 6.48203
4.74446 6.42669
4.74446 6.38528
4.73671 6.43552
4.73671 6.33346
4.73671 6.30465
4.74446 6.37189
4.74446 6.2951
4.35201 6.18037
4.52251 6.21832
4.49686 6.17133
4.49686 6.11461
4.49686 6.07375
4.27376 6.05767
4.49686 5.92441
4.49686 5.83226
4.36469 5.73778
4.36469 5.7826
4.28822 5.75797
4.28822 5.7531
4.28822 5.63975
4.25905 5.66525
4.25905 5.64351
4.25905 5.57262
4.25905 5.58505
4.18361 5.49224
4.18361 5.45444
3.72254 5.40129
3.72254 5.27799
3.65205 5.18284
3.65205 5.1662
3.72254 5.14213
3.72254 5.11784
3.72254 5.08658
3.72254 5.10087
3.71479 5.07035
3.70098 5.04019
3.55507 4.9294
3.55507 4.83421
3.39532 4.79077
3.39532 4.77863
3.30184 4.80004
3.29456 4.70659
3.39532 4.66072
3.23141 4.54888
3.23141 4.48257
3.23141 4.49164
3.23141 4.47316
3.19869 4.38496
3.09712 4.3009
3.19869 4.32089
3.19245 4.20966
3.13356 4.14235
3.13356 4.02828
3.12252 4.02538
2.9501 4.11709
2.89664 4.06276
2.5812 4.05676
2.89664 4.0298
2.89664 4.03968
2.87193 3.99056
2.89664 3.9168
2.88889 3.9566
2.88889 3.93701
2.81044 3.88774
2.81044 3.8689
2.81044 3.93457
2.69521 3.82347
2.81507 3.81024
2.80921 3.80619
2.81819 3.73267
2.81819 3.68763
2.81819 3.69027
2.81819 3.69274
2.70918 3.75148
2.73014 3.66951
2.73014 3.66759
2.73014 3.63418
2.73014 3.65054
2.6441 3.66389
2.58679 3.60005
2.58679 3.48984
2.55374 3.53241
2.55374 3.56181
2.55374 3.51652
2.55374 3.38357
2.55374 3.47484
2.54388 3.45166
2.54388 3.45053
2.54388 3.40683
2.55129 3.36853
2.55129 3.44061
2.48297 3.34615
2.51271 3.31543
2.51271 3.33402
2.51271 3.28603
2.41842 3.2303
2.41817 3.2702
2.41817 3.29485
2.41817 3.24954
2.41817 3.24992
2.41817 3.23076
2.41817 3.23007
2.31463 3.22096
2.31463 3.17888
2.31463 3.15056
2.25562 3.13273
2.28992 3.10982
2.28992 3.08958
2.28992 3.15105
2.28539 3.08061
2.28539 3.07781
2.23643 3.0899
2.23643 3.11093
2.23643 3.11868
2.20255 3.0862
2.20255 3.041
2.20255 3.04059
2.20255 3.01352
2.20255 3.0128
2.19914 2.96154
2.19914 2.92806
2.19914 2.9222
2.19914 2.92716
2.12947 2.88906
1.9972 2.91595
1.9972 2.875
2.12947 2.84708
2.08028 2.85055
1.97415 2.81428
1.97415 2.74415
1.97415 2.80528
1.93959 2.81433
1.83833 2.76669
1.83833 2.78675
1.83467 2.73265
1.83467 2.71767
1.83833 2.72347
1.83833 2.73238
1.83833 2.70988
1.83833 2.64898
1.83833 2.66784
1.83833 2.67415
1.78474 2.58069
1.78474 2.64325
1.78474 2.67038
1.78474 2.59947
1.78474 2.57763
1.78003 2.49683
1.7734 2.48826
1.76811 2.46279
1.76811 2.39353
1.76811 2.39559
1.6117 2.37645
1.6117 2.38283
1.7218 2.37781
1.6994 2.3255
1.6994 2.32926
1.6994 2.33548
1.6994 2.29726
1.68992 2.34174
1.68992 2.33257
1.68992 2.31466
1.62678 2.26399
1.62678 2.33076
1.62678 2.29523
1.66949 2.25545
1.64277 2.28947
1.63806 2.24471
1.63806 2.20472
1.58121 2.17555
1.5666 2.17805
1.59326 2.20091
1.55395 2.2526
1.55395 2.20774
1.52128 2.191
1.52128 2.13727
1.55395 2.18374
1.46046 2.1563
1.51618 2.11123
1.50691 2.1029
1.46913 2.10472
1.42115 2.13922
1.42115 2.09229
1.46913 2.06278
1.41626 2.04311
1.42115 2.10612
1.374 2.0734
1.374 2.13612
1.42115 2.0486
1.41167 1.99283
1.40773 2.02451
1.374 2.03523
1.374 1.98009
1.40773 1.97072
1.39926 1.96628
1.38584 1.91184
1.33868 1.98711
1.33868 1.98306
1.33868 1.89639
1.34679 1.93637
1.34679 1.95214
1.34679 1.90314
1.34679 1.91075
1.34679 1.94187
1.3249 1.90156
1.3249 1.90679
1.3249 1.84944
1.29578 1.82874
1.29578 1.89697
1.29578 1.82649
1.29963 1.90485
1.29963 1.87902
1.3249 1.85334
1.3249 1.86375
1.3249 1.869
1.3249 1.81496
1.3249 1.80758
1.3249 1.83468
1.3249 1.84051
1.3249 1.80262
1.29963 1.75818
1.3249 1.82024
1.31147 1.83403
1.3249 1.78893
1.2862 1.8283
1.2862 1.8187
1.27774 1.77962
1.27774 1.82073
1.27774 1.82518
1.27774 1.81686
1.27774 1.79478
1.27774 1.79355
1.27774 1.74654
1.27774 1.76578
1.27774 1.80155
1.27774 1.74631
1.27774 1.77646
1.27774 1.76523
1.27774 1.77109
1.27774 1.73923
1.26431 1.78292
1.26431 1.72477
1.27774 1.78999
1.27774 1.78441
1.26431 1.7777
1.26431 1.76938
1.15794 1.71727
1.15794 1.74662
1.15794 1.68976
1.15794 1.71783
1.15794 1.73596
1.15794 1.70032
1.15794 1.72012
1.15794 1.71751
1.15794 1.68507
1.15794 1.69231
1.15794 1.67979
1.15794 1.71625
1.15794 1.72338
1.15794 1.74649
1.15794 1.74259
1.15794 1.72952
1.15794 1.72166
1.15794 1.72867
1.15794 1.73947
1.15794 1.71013
1.15794 1.66955
1.15794 1.71112
1.15794 1.69778
1.15323 1.77262
1.15323 1.67342
1.15323 1.70881
1.15323 1.66453
1.15794 1.6967
1.15794 1.69386
1.15794 1.6799
1.15794 1.63829
1.15323 1.67095
1.14451 1.65212
1.14451 1.67632
1.14451 1.62229
1.1398 1.65807
1.1398 1.60857
1.1398 1.62502
1.1398 1.5333
1.1398 1.62731
1.1398 1.62414
1.1398 1.65868
1.1398 1.62413
1.13685 1.57455
1.13685 1.59648
1.1398 1.558
1.1398 1.58141
1.1398 1.5653
1.1398 1.55986
1.1398 1.5439
1.1398 1.58989
1.1398 1.51983
1.1398 1.55787
1.1398 1.62081
1.1398 1.57485
1.1398 1.5911
1.1398 1.57553
1.14451 1.58475
1.14451 1.58934
1.14451 1.54213
1.14451 1.53997
1.14451 1.50746
1.14451 1.51804
1.14451 1.54969
1.14451 1.55985
1.14451 1.57863
1.14451 1.5625
1.14451 1.5323
1.13373 1.53773
1.13373 1.55267
1.13373 1.60388
1.13373 1.57301
1.1398 1.53313
1.1398 1.57655
1.13544 1.54906
1.13544 1.52106
1.13544 1.51481
1.13544 1.54756
1.1398 1.53561
1.1398 1.53956
1.1398 1.57703
1.1398 1.54416
1.1398 1.55163
1.13214 1.51962
1.13214 1.52216
1.13214 1.54023
1.13214 1.57384
1.13214 1.56416
1.13214 1.49753
1.13214 1.47788
1.13214 1.5903
1.13214 1.46749
1.13214 1.56847
1.13214 1.59498
1.13373 1.54341
1.13373 1.53454
1.13373 1.54331
1.13373 1.54816
1.13373 1.56138
1.13214 1.52594
1.13482 1.61206
1.13482 1.60113
1.13482 1.5489
1.13954 1.58195
1.13954 1.50411
1.13954 1.52806
1.13482 1.50067
1.13482 1.52366
1.13482 1.53144
1.13954 1.6021
1.13954 1.50299
1.13954 1.53942
1.13954 1.5175
1.13482 1.55538
1.13456 1.54565
1.13456 1.57085
1.13544 1.57428
1.13544 1.50511
1.13544 1.51631
1.13544 1.58423
1.13544 1.55828
1.13544 1.49031
1.13544 1.55422
1.13544 1.53114
1.13187 1.54209
1.13187 1.55361
1.13187 1.52643
1.13954 1.52975
1.13954 1.52533
1.13954 1.55471
1.13954 1.58854
1.13005 1.54811
1.13005 1.57398
1.13005 1.5178
1.13005 1.54237
1.13005 1.51163
1.13005 1.56386
1.13005 1.53313
1.13005 1.51479
1.13005 1.51544
1.13638 1.54476
1.13544 1.54412
1.13544 1.48677
1.12673 1.52693
1.12673 1.52
1.13482 1.55634
1.13482 1.55814
1.13482 1.50841
1.13482 1.5514
1.13482 1.48683
1.13482 1.53788
1.13005 1.54219
1.13954 1.51573
1.13954 1.5803
1.13954 1.50475
1.13954 1.54115
1.13954 1.55067
1.13954 1.53101
1.13005 1.50918
1.13005 1.50134
1.12673 1.55715
1.12673 1.5366
1.12673 1.53593
1.12673 1.56891
1.12673 1.53277
1.12534 1.51898
1.12534 1.51405
1.12534 1.54022
1.12534 1.55541
1.12534 1.57028
1.12534 1.51697
1.13005 1.51219
1.13005 1.53156
1.13005 1.51587
1.13005 1.56024
1.13005 1.5215
1.13005 1.55125
1.13005 1.56936
1.13005 1.52493
1.12534 1.49363
1.12534 1.55442
1.12534 1.53219
1.12534 1.57978
1.12534 1.5824
1.12534 1.5364
1.12534 1.51395
1.12534 1.55037
1.12534 1.51116
1.11725 1.55833
1.12534 1.52079
1.12534 1.51268
1.12534 1.4965
1.12534 1.58844
1.11191 1.53414
1.11191 1.57861
1.11191 1.52803
1.11191 1.55679
1.11191 1.54107
1.11191 1.56747
1.11191 1.50186
1.11191 1.50145
1.11191 1.54631
1.11191 1.52604
1.11191 1.54242
1.11191 1.5627
1.11191 1.54151
1.11191 1.58781
1.11191 1.51796
1.11191 1.59978
1.11191 1.52846
1.11191 1.51575
1.11191 1.50003
1.11191 1.53425
1.11191 1.5055
1.11191 1.51668
1.11191 1.52435
1.11191 1.56116
1.11191 1.6013
1.11191 1.57105
1.11191 1.57357
1.11191 1.51622
1.11191 1.50291
1.11165 1.57367
1.11191 1.58756
1.11191 1.51701
1.11191 1.52462
1.05362 1.57125
1.05362 1.52588
1.05362 1.54742
1.05362 1.52999
1.05362 1.58667
1.05362 1.58004
1.05362 1.55062
1.05362 1.57259
1.05362 1.56107
1.05362 1.56233
1.05362 1.63716
1.11191 1.62133
1.11191 1.54919
1.11191 1.52282
1.11191 1.51763
1.11191 1.57843
1.11191 1.55755
1.11191 1.52455
1.11191 1.52397
1.11191 1.53473
1.11191 1.5329
1.11191 1.5215
1.11191 1.56222
1.11191 1.55427
1.11191 1.51308
1.11191 1.54376
1.10828 1.53115
1.10828 1.4949
1.10828 1.5415
1.1035 1.50698
1.1035 1.53933
1.11191 1.51881
1.11191 1.52977
1.05709 1.4882
1.11191 1.49481
1.11191 1.59363
1.11191 1.49586
1.10896 1.51494
1.10896 1.52834
1.10896 1.51893
1.10896 1.50937
1.10896 1.46395
1.11191 1.48539
1.11191 1.5116
1.11191 1.52802
1.11191 1.47874
1.11191 1.50008
1.11191 1.53836
1.11191 1.5028
1.11191 1.51763
1.11191 1.49053
1.11191 1.52984
1.11191 1.46072
1.09769 1.4861
1.09455 1.51119
1.09455 1.49468
1.09455 1.51068
1.09455 1.52302
1.09455 1.47989
1.09455 1.47867
1.08551 1.54243
1.08551 1.54282
1.06777 1.51395
1.06777 1.47073
1.06777 1.52171
1.06777 1.47189
1.06777 1.51026
1.06777 1.52089
1.05413 1.52227
1.06777 1.50738
1.06777 1.49771
1.03638 1.53997
1.03638 1.54159
1.03638 1.51383
1.03638 1.58129
1.03638 1.51927
1.03638 1.53289
1.03638 1.4831
1.03638 1.49672
1.03638 1.46324
1.03638 1.5383
1.03638 1.47818
1.03638 1.51084
1.03638 1.50746
1.03167 1.46719
1.03167 1.50407
1.03167 1.50643
1.03167 1.51907
1.03167 1.48632
1.03638 1.50571
1.03638 1.49647
1.03638 1.47587
1.03638 1.50521
1.03638 1.5409
1.03638 1.50184
1.03167 1.51513
1.03167 1.45613
1.03167 1.43483
1.03167 1.43895
1.03167 1.47785
1.03167 1.44634
1.03638 1.43592
1.03638 1.45702
1.03638 1.43092
1.03638 1.46551
1.03638 1.46917
1.03638 1.40784
1.03638 1.45818
1.03638 1.43009
1.03638 1.45216
1.03638 1.45566
1.03638 1.45151
1.03638 1.41935
1.03638 1.42611
1.03638 1.42734
1.03638 1.44179
1.03638 1.4588
1.03638 1.39935
1.03638 1.44854
1.03638 1.46277
1.03638 1.47301
1.03638 1.49359
1.03638 1.44309
1.03638 1.42829
1.03638 1.48016
1.03638 1.44162
1.03638 1.46529
1.03167 1.49946
1.03638 1.40439
1.03638 1.45621
1.03638 1.45257
1.03638 1.46143
1.03638 1.45154
1.03638 1.44265
1.03638 1.47886
1.03638 1.41446
1.03638 1.4456
1.03638 1.4073
1.03638 1.43711
1.03167 1.49173
1.03167 1.41435
1.03167 1.37748
1.03167 1.40935
1.03167 1.45428
1.03167 1.40153
1.03167 1.4354
1.03167 1.46314
1.03167 1.45437
1.03167 1.43518
1.03167 1.39908
1.03638 1.44757
1.03638 1.43504
1.03638 1.40807
1.03638 1.43419
1.03638 1.47263
1.03167 1.47373
1.03167 1.45308
1.03167 1.47749
1.03638 1.43109
1.03638 1.43047
1.03638 1.4026
1.03638 1.41573
1.03638 1.41887
1.03167 1.45062
1.03638 1.4874
1.03167 1.48906
1.03167 1.44273
1.03167 1.45983
1.03167 1.46612
1.03167 1.46631
1.03167 1.45395
1.03167 1.43255
1.03167 1.44241
1.03167 1.40188
1.03167 1.42694
1.03167 1.35879
1.03167 1.41048
1.03167 1.44026
1.03167 1.40012
1.03167 1.41102
1.03167 1.45465
1.03167 1.41217
1.03167 1.41101
1.03167 1.44592
1.03167 1.44173
1.03638 1.48391
1.03167 1.44751
1.03167 1.40517
1.03167 1.38647
1.03167 1.47311
1.03167 1.43569
1.03167 1.41858
1.03167 1.40096
1.03167 1.38855
1.03167 1.39639
1.03167 1.42353
1.03167 1.40789
1.03167 1.40033
1.03167 1.39895
1.03167 1.428
1.03167 1.44552
1.03167 1.47505
1.03167 1.45847
1.03167 1.4327
1.03167 1.49352
1.03167 1.47157
1.03167 1.39922
1.03167 1.43633
1.03167 1.45294
1.03167 1.43508
1.03167 1.44594
1.03167 1.43719
1.03167 1.42407
1.03167 1.40332
1.03167 1.42917
1.03167 1.43543
1.03167 1.4388
1.03167 1.39241
1.03167 1.41135
1.03167 1.40104
1.03167 1.38415
1.03167 1.40866
1.03167 1.45256
1.03167 1.42797
1.03167 1.40814
1.03167 1.39213
1.03167 1.39376
1.03167 1.35519
1.03167 1.39516
1.03167 1.42136
1.03167 1.47357
1.03167 1.47988
1.03167 1.43238
1.03167 1.40423
1.03167 1.42606
1.03167 1.40088
1.03167 1.38578
1.03167 1.44495
1.03167 1.40435
1.03167 1.42436
1.03167 1.44786
1.03167 1.39309
1.03167 1.37829
1.03167 1.38194
1.03167 1.43249
1.03167 1.44114
1.03167 1.4289
1.03167 1.41577
1.03167 1.34194
1.03167 1.42857
1.03167 1.42485
1.03167 1.45068
1.03167 1.38551
1.03167 1.41156
1.03167 1.44924
1.03167 1.46218
1.03167 1.41342
1.03167 1.44303
1.03638 1.42472
1.03638 1.39532
1.03167 1.38287
1.03167 1.37332
1.03167 1.40443
1.03167 1.43421
1.03167 1.45604
1.03167 1.46894
1.03167 1.45146
1.03167 1.49039
1.03167 1.44719
1.03167 1.4055
1.03167 1.43239
1.03167 1.4439
1.03167 1.40019
1.03167 1.39097
1.03167 1.45117
1.03167 1.40862
1.03167 1.424
1.03167 1.45365
1.03167 1.4727
1.03167 1.43252
1.03167 1.50544
1.03167 1.42717
1.03167 1.39955
1.03167 1.41929
1.03167 1.42805
1.03167 1.40165
1.03167 1.45385
1.03167 1.43978
1.03167 1.44624
1.03167 1.4077
1.03167 1.41797
1.03167 1.42869
1.03167 1.405
1.03167 1.43905
1.03167 1.41176
1.03167 1.4162
1.03167 1.46684
1.03167 1.46332
1.03167 1.46862
1.03167 1.4209
1.03167 1.4222
1.03167 1.45045
1.03167 1.4594
1.03167 1.4435
1.03167 1.45126
1.03167 1.42326
