-2.97 0
-2.91 1
-2.85 3
-2.79 5
-2.73 4
-2.67 9
-2.61 3
-2.55 4
-2.49 7
-2.43 23
-2.37 50
-2.31 61
-2.25 151
-2.19 167
-2.13 288
-2.07 406
-2.01 634
-1.95 885
-1.89 1147
-1.83 1582
-1.77 2197
-1.71 2713
-1.65 3760
-1.59 4802
-1.53 6196
-1.47 7349
-1.41 9445
-1.35 10619
-1.29 12777
-1.23 14289
-1.17 16513
-1.11 18343
-1.05 20028
-0.99 21602
-0.93 22912
-0.87 23869
-0.81 24293
-0.75 24864
-0.69 24354
-0.63 23864
-0.57 23830
-0.51 22808
-0.45 22019
-0.39 21013
-0.33 19801
-0.27 18688
-0.21 18289
-0.15 17687
-0.09 17190
-0.03 16917
0.03 16920
0.09 17202
0.15 17871
0.21 18368
0.27 18776
0.33 19971
0.39 20925
0.45 21862
0.51 22249
0.57 23843
0.63 24439
0.69 24974
0.75 25157
0.81 24348
0.87 23901
0.93 23310
0.99 21931
1.05 20161
1.11 18436
1.17 16630
1.23 14853
1.29 12927
1.35 10884
1.41 9134
1.47 7351
1.53 6122
1.59 5071
1.65 3728
1.71 2857
1.77 2127
1.83 1680
1.89 1047
1.95 833
2.01 609
2.07 361
2.13 247
2.19 186
2.25 101
2.31 63
2.37 31
2.43 24
2.49 10
2.55 11
2.61 5
2.67 2
2.73 0
2.79 1
2.85 0
2.91 0
2.97 0
