10 0.0128248 0 0
10 0.0384745 0 0
10 0.0641241 0 0
10 0.0897737 0 0
10 0.115423 0 0
10 0.141073 0 0
10 0.166723 0 0
10 0.192372 0 0
10 0.218022 0 0
10 0.243672 0 0
10 0.269321 0 0
10 0.294971 0 0
10 0.32062 0 0
10 0.34627 0 0
10 0.37192 0 0
10 0.397569 0 0
10 0.423219 0 0
10 0.448869 0 0
10 0.474518 0 0
10 0.500168 0 0
10 0.525818 0 0
10 0.551467 0 0
10 0.577117 0 0
10 0.602767 0 0
10 0.628416 0 0
10 0.654066 0 0
10 0.679715 0 0
10 0.705365 0 0
10 0.731015 0 0
10 0.756664 0 0
10 0.782314 0 0
10 0.807964 0 0
10 0.833613 0 0
10 0.859263 0 0
10 0.884913 0.528497 0.126964
10 0.910562 11.6198 2.24396
10 0.936212 75.5072 14.5206
10 0.961861 280.008 52.8691
10 0.987511 582.308 111.764
10 1.01316 901.014 173.639
10 1.03881 1169.46 222.93
10 1.06446 1263.02 240
10 1.09011 1266.79 240.521
10 1.11576 1168.22 225.327
10 1.14141 1091.01 209.465
10 1.16706 989.369 188.92
10 1.19271 904.608 172.364
10 1.21836 795.34 152.08
10 1.24401 701.549 134.984
10 1.26966 641.921 123.222
10 1.29531 595.652 112.709
10 1.32096 533.496 103.447
10 1.34661 488.85 93.4129
10 1.37226 450.295 87.3595
10 1.39791 412.317 79.1072
10 1.42355 388.093 74.8557
10 1.4492 365.139 70.0293
10 1.47485 344.785 65.9325
10 1.5005 324.02 62.7974
10 1.52615 339.278 64.6202
10 1.5518 338.801 64.6055
10 1.57745 338.91 64.4501
10 1.6031 344.967 65.6904
10 1.62875 342.878 64.286
10 1.6544 350.43 66.7838
10 1.68005 359.609 68.6612
10 1.7057 369.883 70.8629
10 1.73135 400.353 76.1734
10 1.757 409.261 78.0201
10 1.78265 416.613 79.3567
10 1.8083 438.584 83.5947
10 1.83395 459.841 88.0518
10 1.8596 473.168 90.4896
10 1.88525 493.001 94.5858
10 1.9109 515.099 98.0735
10 1.93655 543.89 104.541
10 1.9622 558.867 106.505
10 1.98785 592.113 112.251
10 2.0135 591.922 113.104
10 2.03915 595.185 113.836
10 2.0648 603.461 115.276
10 2.09045 602.673 115.941
10 2.1161 604.589 116.048
10 2.14174 595.78 115.562
10 2.16739 587.46 112.893
10 2.19304 577.966 111.435
10 2.21869 572.895 109.905
10 2.24434 560.103 107.775
10 2.26999 549.872 105.376
10 2.29564 535.456 103.073
10 2.32129 516.286 99.5496
10 2.34694 509.055 96.9519
10 2.37259 497.588 94.8313
10 2.39824 494.664 92.2416
10 2.42389 475.052 90.7158
10 2.44954 461.979 87.5708
10 2.47519 457.9 87.546
10 2.50084 440.292 84.3102
10 2.52649 436.053 83.9574
10 2.55214 441.469 83.3077
10 0.0128248 0 0
10 0.0384745 0 0
10 0.0641241 0 0
10 0.0897737 0 0
10 0.115423 0 0
10 0.141073 0 0
10 0.166723 0 0
10 0.192372 0 0
10 0.218022 0 0
10 0.243672 0 0
10 0.269321 0 0
10 0.294971 0 0
10 0.32062 0 0
10 0.34627 0 0
10 0.37192 0 0
10 0.397569 0 0
10 0.423219 0 0
10 0.448869 0 0
10 0.474518 0 0
10 0.500168 0 0
10 0.525818 0 0
10 0.551467 0 0
10 0.577117 0 0
10 0.602767 0 0
10 0.628416 0 0
10 0.654066 0 0
10 0.679715 0 0
10 0.705365 0 0
10 0.731015 0 0
10 0.756664 0 0
10 0.782314 0 0
10 0.807964 0 0
10 0.833613 0 0
10 0.859263 0 0
10 0.884913 1.50571 0.243347
10 0.910562 16.5239 2.80051
10 0.936212 81.197 15.4555
10 0.961861 275.665 52.5727
10 0.987511 590.672 112.707
10 1.01316 929.414 180.873
10 1.03881 1148.55 219.912
10 1.06446 1253.13 240.13
10 1.09011 1286.45 245.684
10 1.11576 1193.21 228.243
10 1.14141 1113.62 212.948
10 1.16706 999.353 192.512
10 1.19271 899.16 170.153
10 1.21836 810.053 153.941
10 1.24401 720.017 134.905
10 1.26966 646.942 123.354
10 1.29531 565.454 109.651
10 1.32096 504.092 97.0228
10 1.34661 466.171 90.4971
10 1.37226 438.907 82.1119
10 1.39791 410.641 77.2807
10 1.42355 380.024 72.5859
10 1.4492 369.899 69.9212
10 1.47485 354.632 67.6766
10 1.5005 341.158 66.4585
10 1.52615 338.059 64.4392
10 1.5518 328.27 63.3159
10 1.57745 327.725 63.9445
10 1.6031 326.364 63.1269
10 1.62875 331.09 63.8751
10 1.6544 336.154 64.6132
10 1.68005 349.085 66.6075
10 1.7057 362.756 69.8333
10 1.73135 390.966 74.4611
10 1.757 421.546 79.4154
10 1.78265 427.319 82.1208
10 1.8083 449 85.5694
10 1.83395 477.975 90.6774
10 1.8596 488.296 93.6645
10 1.88525 501.655 97.1427
10 1.9109 530.693 102.007
10 1.93655 557.549 107.808
10 1.9622 558.961 107.962
10 1.98785 585.602 112.347
10 2.0135 591.918 113.499
10 2.03915 607.133 115.275
10 2.0648 613.661 116.132
10 2.09045 614.752 115.836
10 2.1161 610.929 116.662
10 2.14174 599.38 114.119
10 2.16739 606.167 115.624
10 2.19304 586.416 110.76
10 2.21869 562.666 108.305
10 2.24434 552.735 106.33
10 2.26999 533.982 102.843
10 2.29564 526.684 100.565
10 2.32129 517.547 98.9073
10 2.34694 493.382 94.6199
10 2.37259 482.126 91.6593
10 2.39824 474 90.6365
10 2.42389 457.904 87.9848
10 2.44954 452.774 87.0557
10 2.47519 450.055 86.396
10 2.50084 440.705 84.9187
10 2.52649 440.974 84.0993
10 2.55214 438.648 83.6298
10 0.0115332 0 0
10 0.0345996 0 0
10 0.0576661 0 0
10 0.0807325 0 0
10 0.103799 0 0
10 0.126865 0 0
10 0.149932 0 0
10 0.172998 0 0
10 0.196065 0 0
10 0.219131 0 0
10 0.242198 0 0
10 0.265264 0 0
10 0.28833 0 0
10 0.311397 0 0
10 0.334463 0 0
10 0.35753 0 0
10 0.380596 0 0
10 0.403663 0 0
10 0.426729 0 0
10 0.449795 0 0
10 0.472862 0 0
10 0.495928 0 0
10 0.518995 0 0
10 0.542061 0 0
10 0.565128 0 0
10 0.588194 0 0
10 0.61126 0 0
10 0.634327 0 0
10 0.657393 0 0
10 0.68046 0 0
10 0.703526 0 0
10 0.726593 0 0
10 0.749659 0 0
10 0.772725 0 0
10 0.795792 0 0
10 0.818858 0 0
10 0.841925 0 0
10 0.864991 0 0
10 0.888058 0 0
10 0.911124 1.1239 0.228897
10 0.93419 22.1121 4.8916
10 0.957257 164.384 30.3308
10 0.980323 533.18 101.714
10 1.00339 1150.78 221.077
10 1.02646 1837.76 348.81
10 1.04952 2281.02 437.87
10 1.07259 2417.04 460.655
10 1.09566 2203.53 419.336
10 1.11872 1784.62 345.38
10 1.14179 1347.06 259.932
10 1.16485 912.726 176.725
10 1.18792 578.082 110.726
10 1.21099 343.201 64.626
10 1.23405 190.018 35.1613
10 1.25712 95.4427 18.2525
10 1.28019 50.3558 8.86289
10 1.30325 27.4432 5.38278
10 1.32632 23.3536 4.01835
10 1.34939 30.3167 5.59892
10 1.37245 57.0782 11.0852
10 1.39552 96.0039 18.275
10 1.41859 158.186 30.184
10 1.44165 243.321 46.0492
10 1.46472 319.565 61.4333
10 1.48778 407.041 76.8522
10 1.51085 445.833 85.7989
10 1.53392 465.729 89.9266
10 1.55698 433.918 82.9999
10 1.58005 388.975 73.906
10 1.60312 316.95 61.2706
10 1.62618 239.407 46.3428
10 1.64925 169.623 32.4721
10 1.67232 125.602 23.7525
10 1.69538 108.553 20.4698
10 1.71845 145.21 26.3334
10 1.74152 241.984 44.823
10 1.76458 402.885 76.4099
10 1.78765 611.675 115.711
10 1.81071 846.944 162.739
10 1.83378 1097.8 210.187
10 1.85685 1271.56 244.777
10 1.87991 1309.06 253.08
10 1.90298 1262.03 243.553
10 1.92605 1080.71 207.318
10 1.94911 844.03 161.504
10 1.97218 608.667 115.762
10 1.99525 413.125 78.3956
10 2.01831 289.742 54.8877
10 2.04138 238.555 45.1207
10 2.06445 248.87 46.6862
10 2.08751 307.865 58.2074
10 2.11058 384.898 72.8637
10 2.13364 449.773 86.3523
10 2.15671 488.473 93.5775
10 2.17978 485.19 93.3342
10 2.20284 450.831 86.9584
10 2.22591 391.965 75.7765
10 2.24898 336.705 64.579
10 2.27204 306.678 58.3772
10 2.29511 310.237 58.6769
