33.1241 49.0641
33.708 47.8943
33.708 46.5683
33.708 45.3055
33.227 44.0467
31.376 42.9419
30.3346 41.5267
30.1458 40.6143
28.4313 39.8176
28.4313 39.3248
28.4313 38.5664
28.4313 37.9471
27.6133 36.8647
27.5048 35.5254
25.5204 34.4963
24.2634 33.4602
22.9209 32.7488
23.2759 31.8962
23.2759 31.1573
23.0976 30.5982
22.6906 30.0458
22.5938 29.6445
22.5938 29.2976
20.5538 28.8945
20.5538 28.2834
19.2641 27.6292
20.5538 27.5162
19.6543 27.211
18.6674 26.5072
19.4247 25.935
18.0953 25.3871
18.8836 24.959
18.9012 24.504
17.9798 23.9848
16.4897 23.2395
17.547 23.0733
17.2755 22.6319
17.073 22.4423
16.6745 22.0728
16.0598 21.8688
15.9883 21.5636
15.9883 21.1604
15.6804 20.8629
15.2425 20.7172
15.2425 20.4492
15.2425 20.1768
15.2425 19.9376
15.1918 19.769
14.3734 19.511
15.1213 19.365
15.1213 19.4183
14.8337 18.954
14.766 18.9655
14.8337 18.9644
13.3758 18.9205
12.8927 18.6266
12.8675 18.5757
12.7794 18.1457
12.5691 17.7188
12.1211 17.1074
12.0754 16.5982
12.0754 15.9618
12.0754 15.4191
11.4348 15.1351
10.8819 14.9772
10.8819 14.4791
10.8819 14.6117
10.8819 14.385
10.7462 14.3727
10.7462 14.3834
9.66101 14.1304
10.7462 13.9995
10.7462 13.7643
9.69521 13.3884
9.69521 13.1455
9.69521 12.9735
9.69521 12.9606
9.52562 12.7666
9.49329 12.6049
9.49329 12.4263
9.35022 12.2391
9.37605 12.2031
9.37605 12.1977
8.7527 11.8397
9.49591 11.6188
8.44915 11.5319
9.32752 11.5604
9.24757 11.4114
8.99928 11.2973
8.99928 11.2018
8.93864 10.965
8.7701 10.9057
8.34903 10.7799
8.34903 10.7281
8.1986 10.6766
8.52215 10.6806
8.67573 10.5673
8.65665 10.3384
8.65665 10.4008
8.15205 10.3714
8.47176 10.1834
8.59312 10.3753
8.15205 10.4807
8.15205 10.4463
8.56809 10.3211
8.15953 10.1548
8.13819 10.0936
8.10569 10.0709
7.95329 9.88396
8.08776 9.89852
8.08776 9.78467
7.93666 9.7745
7.93666 9.74973
7.93666 9.67562
7.76295 9.74534
7.65158 9.77025
7.65158 9.6378
7.70405 9.643
7.70405 9.6165
7.70405 9.53788
7.55296 9.45033
7.62794 9.25638
7.62794 9.11182
7.6651 9.111
7.49312 8.90414
7.49312 8.87524
7.54394 8.83573
7.54394 9.05679
7.54394 9.03401
7.54394 9.01214
7.54394 9.00931
7.41926 9.04288
7.41926 8.93072
7.36036 8.87986
7.36036 8.8884
7.38072 8.82714
7.38072 8.80842
7.38072 8.8554
7.38072 8.77758
7.41926 8.84917
7.21735 8.79635
7.21735 8.77345
7.21735 8.87018
7.21735 8.81553
7.21735 8.73845
7.21735 8.6441
7.16955 8.59794
7.21735 8.55289
7.16955 8.47243
7.16955 8.42523
7.16955 8.50671
7.16955 8.26207
7.15671 8.36055
7.15671 8.32439
7.15671 8.33021
7.15671 8.30529
7.16955 8.27496
7.18962 8.3364
7.04793 8.27879
7.04296 8.1783
7.14994 8.1918
7.18962 8.31556
7.18382 8.35889
7.11272 8.39772
7.07276 8.31585
7.07276 8.28862
7.07276 8.31074
7.07276 8.2654
7.07276 8.22458
7.07276 8.22849
7.07276 8.15048
7.07276 8.1697
7.08138 8.22935
7.08138 8.2702
7.08138 8.16761
7.08138 8.16655
7.07227 8.32552
7.07227 8.34668
7.07227 8.3195
7.07227 8.31478
7.07227 8.17421
7.07227 8.12021
7.07227 8.12911
7.07227 8.26606
7.07227 8.26259
7.07227 8.32317
7.07227 8.26622
7.07227 8.22948
7.07227 8.20783
7.07227 8.3157
7.05704 8.28784
7.05704 8.08943
7.05704 8.08901
7.07227 8.07092
7.07227 8.05272
6.97902 8.0348
6.97902 7.98993
6.97902 8.13866
7.06243 8.02482
7.06243 8.04116
7.06243 7.96227
7.06002 8.03319
7.06243 8.13134
7.07227 8.13
7.05704 8.07489
7.05704 8.05435
7.0265 7.94758
7.07227 8.02978
7.07227 8.05929
7.07227 8.12266
7.04723 8.18855
7.07227 8.28449
7.07227 8.22771
7.07227 8.1474
7.07227 8.07703
7.07227 8.21753
6.95828 8.13669
7.05704 8.09224
7.05704 8.05079
6.95828 8.12769
6.95828 8.05983
6.88737 7.94086
6.88737 7.9054
6.92597 7.98863
6.92597 7.91829
6.92597 7.89979
6.95828 7.95514
6.95828 7.9571
6.95828 8.04328
6.95828 8.0916
6.95828 7.99674
6.92597 7.96125
7.05704 8.03661
7.00214 7.97705
6.92597 7.81023
6.92597 7.8182
6.92597 7.91332
6.92597 8.01229
6.92597 8.00434
6.92597 7.90029
6.88102 7.8784
6.88737 7.81461
6.88737 7.76029
6.91333 7.81781
6.91333 7.95964
6.91333 7.86208
6.91333 7.90222
6.91333 7.90021
6.91333 7.98402
6.91333 8.05758
6.91333 8.17178
6.91333 8.01771
6.91333 8.04449
6.95828 8.08328
6.95828 8.07771
6.91859 8.05323
6.91859 7.9635
6.91859 7.94862
6.91859 7.95446
6.91859 7.88808
6.84497 7.8157
6.84497 7.77913
6.91859 7.83485
6.91859 7.87676
6.91859 7.90268
6.91859 7.94266
6.91859 7.93449
6.91859 7.97543
6.91859 7.99791
6.95828 8.03946
6.95828 8.03755
6.94306 7.94405
6.94306 8.07604
6.94306 8.14242
6.94306 8.10868
6.96069 8.15616
6.95828 8.14581
6.95828 8.19001
6.95828 8.26683
6.95828 8.18302
6.95828 8.14025
6.96555 8.11387
7.01403 7.99689
7.00105 8.07915
7.00105 8.06774
6.96069 8.13499
6.96505 8.1172
6.96505 8.11709
6.96505 8.09724
6.96505 8.09148
6.96505 8.03053
6.96505 8.13144
6.96505 8.0307
6.96505 8.09504
6.96505 8.17567
7.04733 8.18597
7.04733 8.13753
6.96827 8.21146
6.96827 8.16192
6.96827 8.08261
6.96827 8.15774
6.96827 8.18833
6.95828 8.22208
6.91859 8.35798
6.91859 8.24153
6.95828 8.1553
6.95828 8.18043
6.96827 8.03455
6.96827 8.02436
6.96827 8.048
6.96827 8.07165
5.7169 8.17215
5.7169 8.12874
5.82648 8.0513
5.82648 8.01767
5.82648 8.05695
5.91686 8.01771
5.91686 7.98035
6.1761 8.00817
6.10394 7.95467
6.10394 7.98528
6.10394 7.95926
6.10394 8.04775
6.10394 7.96969
6.09949 8.02408
6.09949 7.90808
6.09949 7.79063
5.87614 7.66458
5.87614 7.62725
5.75181 7.50803
5.75181 7.42363
5.75181 7.40584
5.62719 7.31878
5.60745 7.11579
5.62719 6.97055
5.66835 6.82223
5.62719 6.78295
5.60745 6.63462
5.60715 6.61667
5.67393 6.57839
5.49257 6.51292
5.49257 6.60735
5.47977 6.52166
5.47977 6.49439
5.42586 6.48951
5.51624 6.41344
5.47182 6.40077
5.47182 6.46957
5.49257 6.46998
5.49681 6.46849
5.34301 6.48504
5.3328 6.41892
5.19835 6.44345
5.19835 6.35477
5.19835 6.36166
5.19835 6.35286
5.19835 6.25541
5.19835 6.26619
5.19835 6.23782
5.19835 6.1785
5.19835 6.17524
5.19835 6.20732
5.19835 6.22903
5.19835 6.17821
5.19835 6.16289
5.18387 6.06682
5.18387 6.14008
5.15534 6.13221
5.18387 6.15907
5.18387 6.21158
5.18387 6.21965
5.1354 6.23209
5.07881 6.05533
5.07881 6.01922
5.07881 6.10862
5.07881 6.04338
5.0585 5.94392
5.07881 5.98658
5.07881 5.98251
5.07881 5.98996
5.06933 6.00511
5.06933 5.97493
5.04541 5.89578
5.04541 5.84919
5.04541 5.77503
5.06933 5.81255
5.05477 5.79233
5.05477 5.77515
5.06933 5.80244
5.06933 5.7928
5.06683 5.80979
5.06683 5.81344
5.06683 5.72845
5.01181 5.74493
5.01181 5.78311
5.0243 5.82048
4.96525 5.81872
4.96525 5.88753
4.96525 5.93943
4.93463 5.90915
4.93463 5.86028
4.93463 5.82639
4.93463 5.71958
4.93463 5.76235
4.8913 5.74294
4.8913 5.72839
4.8913 5.65748
4.88086 5.627
4.88086 5.68762
4.88086 5.69247
4.88086 5.61736
4.88086 5.60639
4.88086 5.56099
4.8913 5.63132
4.88086 5.64829
4.8663 5.53878
4.8663 5.60783
4.88835 5.6726
4.82914 5.66888
4.82914 5.66044
4.8913 5.63898
4.7858 5.63842
4.7858 5.56084
4.84828 5.59707
4.84828 5.5653
4.76446 5.64869
4.76446 5.66732
4.76446 5.62479
4.76446 5.58685
4.76446 5.6566
4.76446 5.63262
4.76446 5.68767
4.79703 5.59827
4.84828 5.5849
4.84828 5.66131
4.88086 5.55727
4.88086 5.60373
4.88086 5.58837
4.84828 5.53823
4.88086 5.50993
4.88086 5.51293
4.88086 5.48949
4.88086 5.50113
4.88086 5.53512
4.79703 5.50475
4.79703 5.50262
4.84179 5.58126
4.80743 5.51946
4.80743 5.60051
4.84179 5.58985
4.73957 5.63507
4.73957 5.59282
4.73957 5.54104
4.73957 5.51701
4.73957 5.55964
4.73957 5.51822
4.73957 5.49894
4.73957 5.54674
4.73957 5.53293
4.73957 5.52694
4.73957 5.46253
4.707 5.4485
4.707 5.42004
4.707 5.40656
4.707 5.4013
4.707 5.40829
4.707 5.4135
4.707 5.3671
4.707 5.38743
4.707 5.3565
4.707 5.34087
4.707 5.33941
4.707 5.3712
4.707 5.47778
4.73957 5.56427
4.71648 5.49399
4.73957 5.46057
4.73957 5.54306
4.73957 5.49693
4.73957 5.44524
4.73957 5.34963
4.73957 5.41544
4.73957 5.34949
4.73957 5.37927
4.73957 5.39924
4.73957 5.4446
4.70712 5.47883
4.70712 5.47813
4.70712 5.40198
4.707 5.39094
4.707 5.44604
4.707 5.45107
4.707 5.34988
4.707 5.3343
4.707 5.31851
4.707 5.28439
4.707 5.26486
4.707 5.30096
4.707 5.32132
4.707 5.30724
4.707 5.34293
4.707 5.33398
4.64493 5.3388
4.707 5.29617
4.707 5.34798
4.707 5.27533
4.707 5.27708
4.707 5.3079
4.707 5.37372
4.707 5.39504
4.66676 5.33529
4.64493 5.36717
4.69921 5.3155
4.68761 5.33617
4.699 5.47334
4.699 5.4972
4.699 5.48683
4.699 5.39282
4.69921 5.33718
4.69921 5.29979
4.69921 5.24056
4.64493 5.31018
4.69921 5.31208
4.69921 5.36316
4.69921 5.29372
4.69921 5.25994
4.67337 5.24955
4.69921 5.27992
4.69921 5.28297
4.69921 5.23251
4.69921 5.29501
4.65261 5.24359
4.65261 5.22113
4.66664 5.29763
4.66664 5.41476
4.66664 5.34165
4.66664 5.36352
4.66664 5.33961
4.66664 5.29387
4.66664 5.32991
4.66664 5.33732
4.66664 5.279
4.66664 5.27227
4.66664 5.30471
4.66664 5.3302
4.66664 5.35629
4.66664 5.35966
4.66664 5.38198
4.66664 5.36609
4.66664 5.30169
4.66664 5.23926
4.69921 5.2777
4.69921 5.29301
4.69921 5.24498
4.69921 5.27606
4.69921 5.25808
4.66664 5.27667
4.6658 5.23213
4.6658 5.24344
4.6658 5.25857
4.65261 5.25016
4.6658 5.27106
4.6658 5.3331
4.6658 5.37292
4.6658 5.41791
4.65813 5.2796
4.6658 5.3424
4.6658 5.30391
4.6658 5.30451
4.6658 5.32294
4.6658 5.3358
4.6658 5.29057
4.6658 5.20734
4.6658 5.19182
4.6658 5.243
4.6658 5.28957
4.6658 5.2631
4.6658 5.23498
4.6658 5.19623
4.6658 5.26838
4.6658 5.25019
4.65771 5.33282
4.65771 5.29485
4.65771 5.29543
4.6658 5.31958
4.6658 5.28668
4.6658 5.3351
4.6658 5.28959
4.6658 5.23089
4.6658 5.2753
4.63323 5.30386
4.6658 5.35206
4.6658 5.33093
4.6658 5.27511
4.6658 5.28866
4.6658 5.22603
4.6658 5.18056
4.6658 5.20387
4.6658 5.23698
4.6658 5.24941
